1  5
1
1
1
1
1
1
1
1
1
1
1
1
1
1
1
1
1
1
1
1
1
1
1
1
1
2  5
1
1
1
1
1
1
1
1
1
1
1
1
1
1
1
1
1
1
1
1
1
1
1
1
2
3  5
1
1
1
1
1
1
1
1
1
1
1
1
1
1
1
1
1
1
1
1
1
1
1
1
5
4  5
1
1
1
1
1
1
1
1
1
1
1
1
1
1
1
1
1
1
1
1
1
1
1
2
1
5  5
1
1
1
1
1
1
1
1
1
1
1
1
1
1
1
1
1
1
1
1
1
1
1
2
2
6  5
1
1
1
1
1
1
1
1
1
1
1
1
1
1
1
1
1
1
1
1
1
1
1
2
3
7  5
1
1
1
1
1
1
1
1
1
1
1
1
1
1
1
1
1
1
1
1
1
1
1
4
5
8  5
1
1
1
1
1
1
1
1
1
1
1
1
1
1
1
1
1
1
1
1
1
1
2
2
1
9  5
1
1
1
1
1
1
1
1
1
1
1
1
1
1
1
1
1
1
1
1
1
1
2
2
2
10  5
1
1
1
1
1
1
1
1
1
1
1
1
1
1
1
1
1
1
1
1
1
1
3
3
5
11  5
1
1
1
1
1
1
1
1
1
1
1
1
1
1
1
1
1
1
1
1
1
1
3
4
5
12  5
1
1
1
1
1
1
1
1
1
1
1
1
1
1
1
1
1
1
1
1
1
2
2
2
5
13  5
1
1
1
1
1
1
1
1
1
1
1
1
1
1
1
1
1
1
1
1
1
2
2
4
5
14  5
1
1
1
1
1
1
1
1
1
1
1
1
1
1
1
1
1
1
1
1
1
2
3
4
5
15  5
1
1
1
1
1
1
1
1
1
1
1
1
1
1
1
1
1
1
1
1
5
5
5
5
5
16  5
1
1
1
1
1
1
1
1
1
1
1
1
1
1
1
1
1
1
1
2
1
1
1
2
1
17  5
1
1
1
1
1
1
1
1
1
1
1
1
1
1
1
1
1
1
1
2
1
1
1
2
2
18  5
1
1
1
1
1
1
1
1
1
1
1
1
1
1
1
1
1
1
1
2
1
1
1
2
3
19  5
1
1
1
1
1
1
1
1
1
1
1
1
1
1
1
1
1
1
1
2
1
1
1
2
4
20  5
1
1
1
1
1
1
1
1
1
1
1
1
1
1
1
1
1
1
1
2
1
1
1
3
1
21  5
1
1
1
1
1
1
1
1
1
1
1
1
1
1
1
1
1
1
1
2
1
1
1
3
2
22  5
1
1
1
1
1
1
1
1
1
1
1
1
1
1
1
1
1
1
1
2
1
1
2
1
1
23  5
1
1
1
1
1
1
1
1
1
1
1
1
1
1
1
1
1
1
1
2
1
1
2
1
2
24  5
1
1
1
1
1
1
1
1
1
1
1
1
1
1
1
1
1
1
1
2
1
1
2
2
1
25  5
1
1
1
1
1
1
1
1
1
1
1
1
1
1
1
1
1
1
1
2
1
1
2
2
2
26  5
1
1
1
1
1
1
1
1
1
1
1
1
1
1
1
1
1
1
1
2
1
1
2
2
4
27  5
1
1
1
1
1
1
1
1
1
1
1
1
1
1
1
1
1
1
1
4
1
1
1
4
5
28  5
1
1
1
1
1
1
1
1
1
1
1
1
1
1
1
1
1
1
1
4
1
1
3
1
5
29  5
1
1
1
1
1
1
1
1
1
1
1
1
1
1
1
1
1
1
1
4
1
1
3
4
5
30  5
1
1
1
1
1
1
1
1
1
1
1
1
1
1
1
1
1
1
1
4
1
2
2
1
5
31  5
1
1
1
1
1
1
1
1
1
1
1
1
1
1
1
1
1
1
1
4
1
2
2
4
5
32  5
1
1
1
1
1
1
1
1
1
1
1
1
1
1
1
1
1
1
1
4
1
2
3
1
5
33  5
1
1
1
1
1
1
1
1
1
1
1
1
1
1
1
1
1
1
1
4
1
2
3
4
5
34  5
1
1
1
1
1
1
1
1
1
1
1
1
1
1
1
1
1
1
2
1
1
1
1
1
2
35  5
1
1
1
1
1
1
1
1
1
1
1
1
1
1
1
1
1
1
2
1
1
1
1
1
3
36  5
1
1
1
1
1
1
1
1
1
1
1
1
1
1
1
1
1
1
2
1
1
1
1
1
5
37  5
1
1
1
1
1
1
1
1
1
1
1
1
1
1
1
1
1
1
2
1
1
1
1
2
2
38  5
1
1
1
1
1
1
1
1
1
1
1
1
1
1
1
1
1
1
2
1
1
1
1
2
3
39  5
1
1
1
1
1
1
1
1
1
1
1
1
1
1
1
1
1
1
2
1
1
1
1
3
2
40  5
1
1
1
1
1
1
1
1
1
1
1
1
1
1
1
1
1
1
2
1
1
1
2
1
1
41  5
1
1
1
1
1
1
1
1
1
1
1
1
1
1
1
1
1
1
2
1
1
1
2
1
2
42  5
1
1
1
1
1
1
1
1
1
1
1
1
1
1
1
1
1
1
2
1
1
1
2
2
1
43  5
1
1
1
1
1
1
1
1
1
1
1
1
1
1
1
1
1
1
2
1
1
1
2
2
2
44  5
1
1
1
1
1
1
1
1
1
1
1
1
1
1
1
1
1
1
2
1
1
1
3
1
5
45  5
1
1
1
1
1
1
1
1
1
1
1
1
1
1
1
1
1
1
2
1
1
1
3
3
5
46  5
1
1
1
1
1
1
1
1
1
1
1
1
1
1
1
1
1
1
2
1
5
5
5
5
5
47  5
1
1
1
1
1
1
1
1
1
1
1
1
1
1
1
1
1
1
2
2
1
1
1
2
2
48  5
1
1
1
1
1
1
1
1
1
1
1
1
1
1
1
1
1
1
2
2
1
1
1
2
3
49  5
1
1
1
1
1
1
1
1
1
1
1
1
1
1
1
1
1
1
2
2
1
1
1
3
2
50  5
1
1
1
1
1
1
1
1
1
1
1
1
1
1
1
1
1
1
2
2
1
1
1
3
3
51  5
1
1
1
1
1
1
1
1
1
1
1
1
1
1
1
1
1
1
2
2
1
1
2
1
1
52  5
1
1
1
1
1
1
1
1
1
1
1
1
1
1
1
1
1
1
2
2
1
1
2
1
2
53  5
1
1
1
1
1
1
1
1
1
1
1
1
1
1
1
1
1
1
2
2
1
1
2
2
1
54  5
1
1
1
1
1
1
1
1
1
1
1
1
1
1
1
1
1
1
2
2
1
1
2
2
2
55  5
1
1
1
1
1
1
1
1
1
1
1
1
1
1
1
1
1
1
2
3
1
1
1
3
2
56  5
1
1
1
1
1
1
1
1
1
1
1
1
1
1
1
1
1
1
4
1
1
1
1
1
5
57  5
1
1
1
1
1
1
1
1
1
1
1
1
1
1
1
1
1
1
4
1
1
1
2
1
1
58  5
1
1
1
1
1
1
1
1
1
1
1
1
1
1
1
1
1
1
4
1
1
1
2
1
2
59  5
1
1
1
1
1
1
1
1
1
1
1
1
1
1
1
1
1
1
4
1
1
1
3
1
5
60  5
1
1
1
1
1
1
1
1
1
1
1
1
1
1
1
1
1
1
4
1
1
2
2
1
5
61  5
1
1
1
1
1
1
1
1
1
1
1
1
1
1
1
1
1
1
4
1
1
2
3
1
5
62  5
1
1
1
1
1
1
1
1
1
1
1
1
1
1
1
1
1
1
4
1
5
5
5
5
5
63  5
1
1
1
1
1
1
1
1
1
1
1
1
1
1
1
1
1
1
4
4
1
1
1
4
4
64  5
1
1
1
1
1
1
1
1
1
1
1
1
1
1
1
1
1
1
4
4
1
1
1
4
5
65  5
1
1
1
1
1
1
1
1
1
1
1
1
1
1
1
1
1
1
4
4
1
1
1
5
5
66  5
1
1
1
1
1
1
1
1
1
1
1
1
1
1
1
1
1
1
4
4
1
1
2
4
4
67  5
1
1
1
1
1
1
1
1
1
1
1
1
1
1
1
1
1
1
4
4
1
1
3
4
5
68  5
1
1
1
1
1
1
1
1
1
1
1
1
1
1
1
1
1
1
4
4
1
2
2
4
5
69  5
1
1
1
1
1
1
1
1
1
1
1
1
1
1
1
1
1
1
4
4
1
2
3
4
5
70  5
1
1
1
1
1
1
1
1
1
1
1
1
1
1
1
1
1
1
4
5
1
1
1
5
4
71  5
1
1
1
1
1
1
1
1
1
1
1
1
1
1
1
1
1
1
4
5
5
5
5
5
5
72  5
1
1
1
1
1
1
1
1
1
1
1
1
1
1
1
1
1
2
1
1
1
1
2
2
1
73  5
1
1
1
1
1
1
1
1
1
1
1
1
1
1
1
1
1
2
1
1
1
1
2
2
2
74  5
1
1
1
1
1
1
1
1
1
1
1
1
1
1
1
1
1
2
1
1
1
2
1
4
5
75  5
1
1
1
1
1
1
1
1
1
1
1
1
1
1
1
1
1
2
1
1
1
2
2
4
5
76  5
1
1
1
1
1
1
1
1
1
1
1
1
1
1
1
1
1
2
1
1
5
5
5
5
5
77  5
1
1
1
1
1
1
1
1
1
1
1
1
1
1
1
1
1
2
1
2
1
1
2
1
2
78  5
1
1
1
1
1
1
1
1
1
1
1
1
1
1
1
1
1
2
1
2
1
1
2
2
1
79  5
1
1
1
1
1
1
1
1
1
1
1
1
1
1
1
1
1
2
1
2
1
1
2
2
2
80  5
1
1
1
1
1
1
1
1
1
1
1
1
1
1
1
1
1
2
1
4
1
1
3
1
5
81  5
1
1
1
1
1
1
1
1
1
1
1
1
1
1
1
1
1
2
1
4
1
2
3
4
5
82  5
1
1
1
1
1
1
1
1
1
1
1
1
1
1
1
1
1
2
2
1
1
1
2
1
2
83  5
1
1
1
1
1
1
1
1
1
1
1
1
1
1
1
1
1
2
2
1
1
1
2
2
2
84  5
1
1
1
1
1
1
1
1
1
1
1
1
1
1
1
1
1
2
2
1
5
5
5
5
5
85  5
1
1
1
1
1
1
1
1
1
1
1
1
1
1
1
1
1
2
2
2
1
1
2
2
2
86  5
1
1
1
1
1
1
1
1
1
1
1
1
1
1
1
1
1
3
4
1
1
2
1
1
5
87  5
1
1
1
1
1
1
1
1
1
1
1
1
1
1
1
1
1
3
4
1
5
5
5
5
5
88  5
1
1
1
1
1
1
1
1
1
1
1
1
1
1
1
1
1
3
4
4
1
1
3
4
4
89  5
1
1
1
1
1
1
1
1
1
1
1
1
1
1
1
1
1
3
4
4
1
1
3
4
5
90  5
1
1
1
1
1
1
1
1
1
1
1
1
1
1
1
1
1
3
4
4
1
1
3
5
5
91  5
1
1
1
1
1
1
1
1
1
1
1
1
1
1
1
1
1
3
4
4
1
2
3
4
5
92  5
1
1
1
1
1
1
1
1
1
1
1
1
1
1
1
1
1
3
4
5
1
1
3
4
5
93  5
1
1
1
1
1
1
1
1
1
1
1
1
1
1
1
1
1
3
4
5
1
1
3
5
4
94  5
1
1
1
1
1
1
1
1
1
1
1
1
1
1
1
1
1
3
4
5
1
3
3
4
5
95  5
1
1
1
1
1
1
1
1
1
1
1
1
1
1
1
1
1
3
4
5
5
5
5
5
5
96  5
1
1
1
1
1
1
1
1
1
1
1
1
1
1
1
1
2
2
4
1
5
5
5
5
5
97  5
1
1
1
1
1
1
1
1
1
1
1
1
1
1
1
1
2
2
4
4
1
2
2
4
4
98  5
1
1
1
1
1
1
1
1
1
1
1
1
1
1
1
1
2
2
4
4
1
2
2
4
5
99  5
1
1
1
1
1
1
1
1
1
1
1
1
1
1
1
1
2
2
4
4
1
2
2
5
5
100  5
1
1
1
1
1
1
1
1
1
1
1
1
1
1
1
1
2
2
4
4
1
2
3
4
5
101  5
1
1
1
1
1
1
1
1
1
1
1
1
1
1
1
1
2
2
4
4
1
3
3
5
5
102  5
1
1
1
1
1
1
1
1
1
1
1
1
1
1
1
1
2
2
4
5
1
2
2
4
5
103  5
1
1
1
1
1
1
1
1
1
1
1
1
1
1
1
1
2
2
4
5
1
2
2
5
4
104  5
1
1
1
1
1
1
1
1
1
1
1
1
1
1
1
1
2
2
4
5
5
5
5
5
5
105  5
1
1
1
1
1
1
1
1
1
1
1
1
1
1
1
1
2
3
4
1
5
5
5
5
5
106  5
1
1
1
1
1
1
1
1
1
1
1
1
1
1
1
1
2
3
4
4
1
2
3
4
4
107  5
1
1
1
1
1
1
1
1
1
1
1
1
1
1
1
1
2
3
4
4
1
2
3
4
5
108  5
1
1
1
1
1
1
1
1
1
1
1
1
1
1
1
1
2
3
4
4
1
2
3
5
5
109  5
1
1
1
1
1
1
1
1
1
1
1
1
1
1
1
1
2
3
4
5
1
2
3
4
5
110  5
1
1
1
1
1
1
1
1
1
1
1
1
1
1
1
1
2
3
4
5
1
2
3
5
4
111  5
1
1
1
1
1
1
1
1
1
1
1
1
1
1
1
1
2
3
4
5
1
3
2
5
4
112  5
1
1
1
1
1
1
1
1
1
1
1
1
1
1
1
1
2
3
4
5
5
5
5
5
5
113  5
1
1
1
1
1
1
1
1
1
1
1
1
1
1
1
4
4
4
4
4
4
4
4
4
4
114  5
1
1
1
1
1
1
1
1
1
1
1
1
1
1
1
4
4
4
4
4
4
4
4
4
5
115  5
1
1
1
1
1
1
1
1
1
1
1
1
1
1
1
4
4
4
4
4
5
5
5
5
5
116  5
1
1
1
1
1
1
1
1
1
1
1
1
1
1
2
1
1
1
1
2
1
1
2
2
1
117  5
1
1
1
1
1
1
1
1
1
1
1
1
1
1
2
1
1
1
1
2
1
1
2
2
2
118  5
1
1
1
1
1
1
1
1
1
1
1
1
1
1
2
1
1
1
1
2
1
1
2
2
3
119  5
1
1
1
1
1
1
1
1
1
1
1
1
1
1
2
1
1
1
2
1
1
1
2
1
1
120  5
1
1
1
1
1
1
1
1
1
1
1
1
1
1
2
1
1
1
2
1
1
1
2
1
2
121  5
1
1
1
1
1
1
1
1
1
1
1
1
1
1
2
1
1
1
2
1
1
1
2
1
3
122  5
1
1
1
1
1
1
1
1
1
1
1
1
1
1
2
1
1
1
2
1
1
1
2
2
1
123  5
1
1
1
1
1
1
1
1
1
1
1
1
1
1
2
1
1
1
2
1
1
1
2
2
2
124  5
1
1
1
1
1
1
1
1
1
1
1
1
1
1
2
1
1
1
2
1
1
1
2
2
3
125  5
1
1
1
1
1
1
1
1
1
1
1
1
1
1
2
1
1
1
2
2
1
1
2
2
1
126  5
1
1
1
1
1
1
1
1
1
1
1
1
1
1
2
1
1
1
2
2
1
1
2
2
2
127  5
1
1
1
1
1
1
1
1
1
1
1
1
1
1
2
1
1
1
2
2
1
1
2
2
3
128  5
1
1
1
1
1
1
1
1
1
1
1
1
1
1
2
1
1
1
2
3
1
1
2
3
4
129  5
1
1
1
1
1
1
1
1
1
1
1
1
1
1
2
1
1
1
4
1
1
1
2
1
1
130  5
1
1
1
1
1
1
1
1
1
1
1
1
1
1
2
1
1
1
4
1
1
1
2
1
2
131  5
1
1
1
1
1
1
1
1
1
1
1
1
1
1
2
1
1
1
4
1
1
1
2
1
3
132  5
1
1
1
1
1
1
1
1
1
1
1
1
1
1
2
1
1
1
4
4
1
1
2
4
4
133  5
1
1
1
1
1
1
1
1
1
1
1
1
1
1
2
1
1
2
1
1
1
1
1
2
1
134  5
1
1
1
1
1
1
1
1
1
1
1
1
1
1
2
1
1
2
1
1
1
1
1
2
2
135  5
1
1
1
1
1
1
1
1
1
1
1
1
1
1
2
1
1
2
1
1
1
1
2
2
1
136  5
1
1
1
1
1
1
1
1
1
1
1
1
1
1
2
1
1
2
1
1
1
1
2
2
2
137  5
1
1
1
1
1
1
1
1
1
1
1
1
1
1
2
1
1
2
1
2
1
1
2
2
1
138  5
1
1
1
1
1
1
1
1
1
1
1
1
1
1
2
1
1
2
1
2
1
1
2
2
2
139  5
1
1
1
1
1
1
1
1
1
1
1
1
1
1
2
1
1
2
2
1
1
1
1
1
2
140  5
1
1
1
1
1
1
1
1
1
1
1
1
1
1
2
1
1
2
2
1
1
1
1
2
2
141  5
1
1
1
1
1
1
1
1
1
1
1
1
1
1
2
1
1
2
2
1
1
1
2
1
2
142  5
1
1
1
1
1
1
1
1
1
1
1
1
1
1
2
1
1
2
2
1
1
1
2
2
1
143  5
1
1
1
1
1
1
1
1
1
1
1
1
1
1
2
1
1
2
2
1
1
1
2
2
2
144  5
1
1
1
1
1
1
1
1
1
1
1
1
1
1
2
1
1
2
2
2
1
1
1
1
2
145  5
1
1
1
1
1
1
1
1
1
1
1
1
1
1
2
1
1
2
2
2
1
1
1
2
2
146  5
1
1
1
1
1
1
1
1
1
1
1
1
1
1
2
1
1
2
2
2
1
1
2
1
1
147  5
1
1
1
1
1
1
1
1
1
1
1
1
1
1
2
1
1
2
2
2
1
1
2
1
2
148  5
1
1
1
1
1
1
1
1
1
1
1
1
1
1
2
1
1
2
2
2
1
1
2
2
1
149  5
1
1
1
1
1
1
1
1
1
1
1
1
1
1
2
1
1
2
2
2
1
1
2
2
2
150  5
1
1
1
1
1
1
1
1
1
1
1
1
1
1
2
1
2
3
4
3
1
1
1
1
2
151  5
1
1
1
1
1
1
1
1
1
1
1
1
1
1
2
1
2
3
4
4
1
2
3
4
4
152  5
1
1
1
1
1
1
1
1
1
1
1
1
1
1
2
4
4
4
4
4
1
1
1
1
2
153  5
1
1
1
1
1
1
1
1
1
1
1
1
1
1
2
4
4
4
4
4
1
1
2
1
1
154  5
1
1
1
1
1
1
1
1
1
1
1
1
1
1
2
4
4
4
4
4
1
1
2
1
2
155  5
1
1
1
1
1
1
1
1
1
1
1
1
1
1
2
4
4
4
4
4
1
1
2
1
3
156  5
1
1
1
1
1
1
1
1
1
1
1
1
1
1
2
4
4
4
4
4
4
4
4
4
4
157  5
1
1
1
1
1
1
1
1
1
1
1
1
1
1
3
1
1
1
1
3
1
1
3
3
5
158  5
1
1
1
1
1
1
1
1
1
1
1
1
1
1
3
1
1
1
1
3
1
1
3
4
5
159  5
1
1
1
1
1
1
1
1
1
1
1
1
1
1
3
1
1
1
1
3
1
2
1
2
5
160  5
1
1
1
1
1
1
1
1
1
1
1
1
1
1
3
1
1
1
1
3
1
2
3
3
5
161  5
1
1
1
1
1
1
1
1
1
1
1
1
1
1
3
1
1
1
1
3
1
2
3
4
5
162  5
1
1
1
1
1
1
1
1
1
1
1
1
1
1
3
1
1
1
1
4
1
1
3
4
5
163  5
1
1
1
1
1
1
1
1
1
1
1
1
1
1
3
1
1
1
1
4
1
2
1
4
5
164  5
1
1
1
1
1
1
1
1
1
1
1
1
1
1
3
1
1
1
1
4
1
2
3
3
5
165  5
1
1
1
1
1
1
1
1
1
1
1
1
1
1
3
1
1
1
1
4
1
2
3
4
5
166  5
1
1
1
1
1
1
1
1
1
1
1
1
1
1
3
1
1
1
2
1
1
1
3
1
5
167  5
1
1
1
1
1
1
1
1
1
1
1
1
1
1
3
1
1
1
2
3
1
1
3
3
5
168  5
1
1
1
1
1
1
1
1
1
1
1
1
1
1
3
1
1
1
3
4
1
1
3
4
5
169  5
1
1
1
1
1
1
1
1
1
1
1
1
1
1
3
1
1
1
3
4
1
2
3
4
5
170  5
1
1
1
1
1
1
1
1
1
1
1
1
1
1
3
1
1
1
4
1
1
1
3
1
5
171  5
1
1
1
1
1
1
1
1
1
1
1
1
1
1
3
1
1
1
4
1
1
2
1
1
5
172  5
1
1
1
1
1
1
1
1
1
1
1
1
1
1
3
1
1
1
4
1
1
2
3
1
5
173  5
1
1
1
1
1
1
1
1
1
1
1
1
1
1
3
1
1
1
4
4
1
1
3
4
5
174  5
1
1
1
1
1
1
1
1
1
1
1
1
1
1
3
1
1
1
4
4
1
2
1
4
5
175  5
1
1
1
1
1
1
1
1
1
1
1
1
1
1
3
1
1
1
4
4
1
2
3
4
5
176  5
1
1
1
1
1
1
1
1
1
1
1
1
1
1
3
1
1
3
4
1
1
1
1
1
5
177  5
1
1
1
1
1
1
1
1
1
1
1
1
1
1
3
1
1
3
4
1
1
2
1
1
5
178  5
1
1
1
1
1
1
1
1
1
1
1
1
1
1
3
1
1
3
4
3
1
1
1
1
5
179  5
1
1
1
1
1
1
1
1
1
1
1
1
1
1
3
1
1
3
4
3
1
2
1
1
5
180  5
1
1
1
1
1
1
1
1
1
1
1
1
1
1
3
1
1
3
4
4
1
1
3
4
5
181  5
1
1
1
1
1
1
1
1
1
1
1
1
1
1
3
1
1
3
4
4
1
2
3
4
5
182  5
1
1
1
1
1
1
1
1
1
1
1
1
1
1
3
1
2
1
4
1
1
1
1
1
5
183  5
1
1
1
1
1
1
1
1
1
1
1
1
1
1
3
1
2
1
4
1
1
1
3
1
5
184  5
1
1
1
1
1
1
1
1
1
1
1
1
1
1
3
1
2
1
4
4
1
2
1
4
5
185  5
1
1
1
1
1
1
1
1
1
1
1
1
1
1
3
1
2
1
4
4
1
2
3
4
5
186  5
1
1
1
1
1
1
1
1
1
1
1
1
1
1
3
1
2
3
4
1
1
1
1
1
5
187  5
1
1
1
1
1
1
1
1
1
1
1
1
1
1
3
1
2
3
4
3
1
1
1
1
5
188  5
1
1
1
1
1
1
1
1
1
1
1
1
1
1
3
1
2
3
4
4
1
2
3
4
5
189  5
1
1
1
1
1
1
1
1
1
1
1
1
1
1
3
4
4
4
4
4
1
1
1
1
5
190  5
1
1
1
1
1
1
1
1
1
1
1
1
1
1
3
4
4
4
4
4
1
1
1
4
5
191  5
1
1
1
1
1
1
1
1
1
1
1
1
1
1
3
4
4
4
4
4
1
1
3
1
5
192  5
1
1
1
1
1
1
1
1
1
1
1
1
1
1
3
4
4
4
4
4
1
1
3
4
5
193  5
1
1
1
1
1
1
1
1
1
1
1
1
1
1
3
4
4
4
4
4
1
2
1
1
5
194  5
1
1
1
1
1
1
1
1
1
1
1
1
1
1
3
4
4
4
4
4
1
2
1
4
5
195  5
1
1
1
1
1
1
1
1
1
1
1
1
1
1
3
4
4
4
4
4
1
2
3
1
5
196  5
1
1
1
1
1
1
1
1
1
1
1
1
1
1
3
4
4
4
4
4
1
2
3
4
5
197  5
1
1
1
1
1
1
1
1
1
1
1
1
1
1
3
4
4
4
4
4
4
4
4
4
5
198  5
1
1
1
1
1
1
1
1
1
1
1
1
1
1
4
4
4
4
4
4
5
5
5
5
5
199  5
1
1
1
1
1
1
1
1
1
1
1
1
1
2
2
1
1
2
1
2
1
1
2
2
1
200  5
1
1
1
1
1
1
1
1
1
1
1
1
1
2
2
1
1
2
1
2
1
1
2
2
2
201  5
1
1
1
1
1
1
1
1
1
1
1
1
1
2
2
1
1
2
2
1
1
1
2
1
2
202  5
1
1
1
1
1
1
1
1
1
1
1
1
1
2
2
1
1
2
2
1
1
1
2
2
2
203  5
1
1
1
1
1
1
1
1
1
1
1
1
1
2
2
1
1
2
2
2
1
1
2
2
2
204  5
1
1
1
1
1
1
1
1
1
1
1
1
1
2
2
1
1
2
3
3
1
1
2
3
3
205  5
1
1
1
1
1
1
1
1
1
1
1
1
1
2
3
1
1
1
2
3
1
2
3
4
5
206  5
1
1
1
1
1
1
1
1
1
1
1
1
1
3
3
1
1
1
4
4
1
2
3
4
5
207  5
1
1
1
1
1
1
1
1
1
1
1
1
1
3
3
1
1
3
4
4
1
1
3
4
4
208  5
1
1
1
1
1
1
1
1
1
1
1
1
1
3
3
1
1
3
4
4
1
1
3
4
5
209  5
1
1
1
1
1
1
1
1
1
1
1
1
1
3
3
1
1
3
4
4
1
1
3
5
5
210  5
1
1
1
1
1
1
1
1
1
1
1
1
1
3
3
1
1
3
4
4
1
2
3
4
5
211  5
1
1
1
1
1
1
1
1
1
1
1
1
1
3
3
1
1
3
4
5
1
1
3
5
4
212  5
1
1
1
1
1
1
1
1
1
1
1
1
1
3
3
1
2
1
4
4
1
2
1
4
4
213  5
1
1
1
1
1
1
1
1
1
1
1
1
1
3
3
1
2
1
4
4
1
2
1
4
5
214  5
1
1
1
1
1
1
1
1
1
1
1
1
1
3
3
1
2
1
4
4
1
2
1
5
5
215  5
1
1
1
1
1
1
1
1
1
1
1
1
1
3
3
1
2
1
4
4
1
2
3
4
5
216  5
1
1
1
1
1
1
1
1
1
1
1
1
1
3
3
1
2
1
4
5
1
2
1
5
4
217  5
1
1
1
1
1
1
1
1
1
1
1
1
1
3
3
1
2
3
4
4
1
2
3
4
4
218  5
1
1
1
1
1
1
1
1
1
1
1
1
1
3
3
1
2
3
4
4
1
2
3
4
5
219  5
1
1
1
1
1
1
1
1
1
1
1
1
1
3
3
1
2
3
4
4
1
2
3
5
5
220  5
1
1
1
1
1
1
1
1
1
1
1
1
1
3
3
1
2
3
4
5
1
2
3
4
5
221  5
1
1
1
1
1
1
1
1
1
1
1
1
1
3
3
1
2
3
4
5
1
2
3
5
4
222  5
1
1
1
1
1
1
1
1
1
1
1
1
2
1
1
1
1
1
2
1
1
1
1
1
2
223  5
1
1
1
1
1
1
1
1
1
1
1
1
2
1
1
1
1
1
2
1
1
1
1
1
5
224  5
1
1
1
1
1
1
1
1
1
1
1
1
2
1
1
1
1
1
2
1
1
1
1
2
2
225  5
1
1
1
1
1
1
1
1
1
1
1
1
2
1
1
1
1
1
2
1
1
1
2
2
2
226  5
1
1
1
1
1
1
1
1
1
1
1
1
2
1
1
1
1
1
2
1
5
5
5
5
5
227  5
1
1
1
1
1
1
1
1
1
1
1
1
2
1
1
1
1
1
2
2
1
1
1
2
2
228  5
1
1
1
1
1
1
1
1
1
1
1
1
2
1
1
1
1
1
2
2
1
1
2
1
2
229  5
1
1
1
1
1
1
1
1
1
1
1
1
2
1
1
1
1
1
2
2
1
1
2
2
2
230  5
1
1
1
1
1
1
1
1
1
1
1
1
2
1
1
1
1
1
4
1
1
1
1
1
5
231  5
1
1
1
1
1
1
1
1
1
1
1
1
2
1
1
1
1
1
4
1
1
1
2
1
2
232  5
1
1
1
1
1
1
1
1
1
1
1
1
2
1
1
1
1
1
4
1
5
5
5
5
5
233  5
1
1
1
1
1
1
1
1
1
1
1
1
2
1
1
1
1
1
4
4
1
1
1
4
4
234  5
1
1
1
1
1
1
1
1
1
1
1
1
2
1
1
1
1
1
4
4
1
1
1
4
5
235  5
1
1
1
1
1
1
1
1
1
1
1
1
2
1
1
1
1
1
4
4
1
1
1
5
5
236  5
1
1
1
1
1
1
1
1
1
1
1
1
2
1
1
1
1
1
4
4
1
1
2
4
4
237  5
1
1
1
1
1
1
1
1
1
1
1
1
2
1
1
1
1
1
4
5
1
1
1
5
4
238  5
1
1
1
1
1
1
1
1
1
1
1
1
2
1
1
1
1
1
4
5
5
5
5
5
5
239  5
1
1
1
1
1
1
1
1
1
1
1
1
2
1
1
1
1
2
2
1
1
1
2
2
2
240  5
1
1
1
1
1
1
1
1
1
1
1
1
2
1
1
1
1
2
2
1
5
5
5
5
5
241  5
1
1
1
1
1
1
1
1
1
1
1
1
2
1
1
1
1
2
2
2
1
1
2
2
2
242  5
1
1
1
1
1
1
1
1
1
1
1
1
2
1
1
4
4
4
4
4
4
4
4
4
4
243  5
1
1
1
1
1
1
1
1
1
1
1
1
2
1
1
4
4
4
4
4
4
4
4
4
5
244  5
1
1
1
1
1
1
1
1
1
1
1
1
2
1
1
4
4
4
4
4
5
5
5
5
5
245  5
1
1
1
1
1
1
1
1
1
1
1
1
2
1
2
1
1
1
2
2
1
1
2
2
2
246  5
1
1
1
1
1
1
1
1
1
1
1
1
2
1
2
1
1
1
4
1
1
1
2
1
2
247  5
1
1
1
1
1
1
1
1
1
1
1
1
2
1
2
1
1
1
4
4
1
1
2
4
4
248  5
1
1
1
1
1
1
1
1
1
1
1
1
2
1
2
1
1
2
2
1
1
1
1
2
2
249  5
1
1
1
1
1
1
1
1
1
1
1
1
2
1
2
1
1
2
2
1
1
1
2
2
2
250  5
1
1
1
1
1
1
1
1
1
1
1
1
2
1
2
1
1
2
2
2
1
1
2
2
2
251  5
1
1
1
1
1
1
1
1
1
1
1
1
2
1
2
4
4
4
4
4
1
1
2
1
2
252  5
1
1
1
1
1
1
1
1
1
1
1
1
2
1
2
4
4
4
4
4
4
4
4
4
4
253  5
1
1
1
1
1
1
1
1
1
1
1
1
2
1
4
4
4
4
4
4
5
5
5
5
5
254  5
1
1
1
1
1
1
1
1
1
1
1
1
2
2
2
1
1
2
2
2
1
1
2
2
2
255  5
1
1
1
1
1
1
1
1
1
1
1
1
3
1
1
1
1
1
4
1
1
1
1
1
5
256  5
1
1
1
1
1
1
1
1
1
1
1
1
3
1
1
1
1
1
4
1
1
2
1
1
5
257  5
1
1
1
1
1
1
1
1
1
1
1
1
3
1
1
1
1
1
4
1
5
5
5
5
5
258  5
1
1
1
1
1
1
1
1
1
1
1
1
3
1
1
1
1
1
4
4
1
1
1
4
4
259  5
1
1
1
1
1
1
1
1
1
1
1
1
3
1
1
1
1
1
4
4
1
1
1
4
5
260  5
1
1
1
1
1
1
1
1
1
1
1
1
3
1
1
1
1
1
4
4
1
1
1
5
5
261  5
1
1
1
1
1
1
1
1
1
1
1
1
3
1
1
1
1
1
4
4
1
2
1
4
5
262  5
1
1
1
1
1
1
1
1
1
1
1
1
3
1
1
1
1
1
4
5
1
1
1
5
4
263  5
1
1
1
1
1
1
1
1
1
1
1
1
3
1
1
1
1
1
4
5
5
5
5
5
5
264  5
1
1
1
1
1
1
1
1
1
1
1
1
3
1
1
1
2
1
4
1
5
5
5
5
5
265  5
1
1
1
1
1
1
1
1
1
1
1
1
3
1
1
1
2
1
4
4
1
2
1
4
4
266  5
1
1
1
1
1
1
1
1
1
1
1
1
3
1
1
1
2
1
4
4
1
2
1
4
5
267  5
1
1
1
1
1
1
1
1
1
1
1
1
3
1
1
1
2
1
4
4
1
2
1
5
5
268  5
1
1
1
1
1
1
1
1
1
1
1
1
3
1
1
1
2
1
4
5
1
2
1
4
5
269  5
1
1
1
1
1
1
1
1
1
1
1
1
3
1
1
1
2
1
4
5
1
2
1
5
4
270  5
1
1
1
1
1
1
1
1
1
1
1
1
3
1
1
1
2
1
4
5
5
5
5
5
5
271  5
1
1
1
1
1
1
1
1
1
1
1
1
3
1
1
4
4
4
4
4
4
4
4
4
4
272  5
1
1
1
1
1
1
1
1
1
1
1
1
3
1
1
4
4
4
4
4
4
4
4
4
5
273  5
1
1
1
1
1
1
1
1
1
1
1
1
3
1
1
4
4
4
4
4
4
4
5
4
4
274  5
1
1
1
1
1
1
1
1
1
1
1
1
3
1
1
4
4
4
4
4
5
5
5
5
5
275  5
1
1
1
1
1
1
1
1
1
1
1
1
3
1
3
1
1
1
4
4
1
1
3
4
5
276  5
1
1
1
1
1
1
1
1
1
1
1
1
3
1
3
1
1
1
4
4
1
2
3
4
5
277  5
1
1
1
1
1
1
1
1
1
1
1
1
3
1
3
1
2
1
4
1
1
1
3
1
3
278  5
1
1
1
1
1
1
1
1
1
1
1
1
3
1
3
1
2
1
4
1
1
1
3
1
5
279  5
1
1
1
1
1
1
1
1
1
1
1
1
3
1
3
1
2
1
4
1
1
1
5
1
5
280  5
1
1
1
1
1
1
1
1
1
1
1
1
3
1
3
1
2
1
4
2
1
1
3
1
3
281  5
1
1
1
1
1
1
1
1
1
1
1
1
3
1
3
1
2
1
4
4
1
2
3
4
5
282  5
1
1
1
1
1
1
1
1
1
1
1
1
3
1
3
4
4
4
4
4
1
1
3
1
3
283  5
1
1
1
1
1
1
1
1
1
1
1
1
3
1
3
4
4
4
4
4
1
1
3
1
5
284  5
1
1
1
1
1
1
1
1
1
1
1
1
3
1
3
4
4
4
4
4
1
1
3
4
5
285  5
1
1
1
1
1
1
1
1
1
1
1
1
3
1
3
4
4
4
4
4
1
1
5
1
5
286  5
1
1
1
1
1
1
1
1
1
1
1
1
3
1
3
4
4
4
4
4
1
2
3
1
5
287  5
1
1
1
1
1
1
1
1
1
1
1
1
3
1
3
4
4
4
4
4
1
2
3
4
5
288  5
1
1
1
1
1
1
1
1
1
1
1
1
3
1
3
4
4
4
4
4
4
4
5
4
5
289  5
1
1
1
1
1
1
1
1
1
1
1
1
3
1
5
1
2
1
4
1
1
1
3
1
5
290  5
1
1
1
1
1
1
1
1
1
1
1
1
3
1
5
1
2
1
4
1
1
1
5
1
3
291  5
1
1
1
1
1
1
1
1
1
1
1
1
3
1
5
1
2
1
4
1
5
5
5
5
5
292  5
1
1
1
1
1
1
1
1
1
1
1
1
3
1
5
4
4
4
4
4
1
1
3
1
5
293  5
1
1
1
1
1
1
1
1
1
1
1
1
3
1
5
4
4
4
4
4
1
1
5
1
3
294  5
1
1
1
1
1
1
1
1
1
1
1
1
3
1
5
4
4
4
4
4
5
5
5
5
5
295  5
1
1
1
1
1
1
1
1
1
1
1
1
3
3
3
1
1
3
3
3
1
1
3
3
3
296  5
1
1
1
1
1
1
1
1
1
1
1
1
3
3
3
1
1
3
3
3
1
1
3
3
4
297  5
1
1
1
1
1
1
1
1
1
1
1
1
3
3
3
1
1
3
3
3
1
1
3
3
5
298  5
1
1
1
1
1
1
1
1
1
1
1
1
3
3
3
1
1
3
3
3
1
1
3
4
5
299  5
1
1
1
1
1
1
1
1
1
1
1
1
3
3
3
1
1
3
3
3
1
1
5
5
5
300  5
1
1
1
1
1
1
1
1
1
1
1
1
3
3
3
1
1
3
3
3
1
2
3
3
5
301  5
1
1
1
1
1
1
1
1
1
1
1
1
3
3
3
1
1
3
3
3
1
2
3
4
5
302  5
1
1
1
1
1
1
1
1
1
1
1
1
3
3
3
1
1
3
3
4
1
1
3
4
5
303  5
1
1
1
1
1
1
1
1
1
1
1
1
3
3
3
1
1
3
3
4
1
2
3
3
5
304  5
1
1
1
1
1
1
1
1
1
1
1
1
3
3
3
1
1
3
3
4
1
2
3
4
5
305  5
1
1
1
1
1
1
1
1
1
1
1
1
3
3
3
1
1
3
4
3
1
1
3
3
5
306  5
1
1
1
1
1
1
1
1
1
1
1
1
3
3
3
1
1
3
4
3
1
1
5
5
5
307  5
1
1
1
1
1
1
1
1
1
1
1
1
3
3
3
1
1
3
4
3
1
2
3
3
5
308  5
1
1
1
1
1
1
1
1
1
1
1
1
3
3
3
1
1
3
4
4
1
1
3
4
4
309  5
1
1
1
1
1
1
1
1
1
1
1
1
3
3
3
1
1
3
4
4
1
1
3
4
5
310  5
1
1
1
1
1
1
1
1
1
1
1
1
3
3
3
1
1
3
4
4
1
1
3
5
5
311  5
1
1
1
1
1
1
1
1
1
1
1
1
3
3
3
1
1
3
4
4
1
2
3
4
5
312  5
1
1
1
1
1
1
1
1
1
1
1
1
3
3
3
1
1
3
4
5
1
1
3
5
4
313  5
1
1
1
1
1
1
1
1
1
1
1
1
3
3
3
1
1
3
4
5
1
1
5
5
5
314  5
1
1
1
1
1
1
1
1
1
1
1
1
3
3
3
1
1
4
4
4
1
1
5
5
5
315  5
1
1
1
1
1
1
1
1
1
1
1
1
3
3
3
1
1
4
4
4
1
2
3
3
5
316  5
1
1
1
1
1
1
1
1
1
1
1
1
3
3
3
1
1
4
4
4
1
2
3
4
5
317  5
1
1
1
1
1
1
1
1
1
1
1
1
3
3
3
1
2
3
4
4
1
2
3
4
4
318  5
1
1
1
1
1
1
1
1
1
1
1
1
3
3
3
1
2
3
4
4
1
2
3
4
5
319  5
1
1
1
1
1
1
1
1
1
1
1
1
3
3
3
1
2
3
4
4
1
2
3
5
5
320  5
1
1
1
1
1
1
1
1
1
1
1
1
3
3
3
1
2
3
4
5
1
2
3
4
5
321  5
1
1
1
1
1
1
1
1
1
1
1
1
3
3
3
1
2
3
4
5
1
2
3
5
4
322  5
1
1
1
1
1
1
1
1
1
1
1
1
3
3
5
1
1
3
3
5
1
1
5
5
3
323  5
1
1
1
1
1
1
1
1
1
1
1
1
3
3
5
1
1
3
3
5
5
5
5
5
5
324  5
1
1
1
1
1
1
1
1
1
1
1
1
3
3
5
1
1
3
4
5
1
1
5
5
3
325  5
1
1
1
1
1
1
1
1
1
1
1
1
3
3
5
1
1
3
4
5
5
5
5
5
5
326  5
1
1
1
1
1
1
1
1
1
1
1
1
3
3
5
1
1
4
4
5
5
5
5
5
5
327  5
1
1
1
1
1
1
1
1
1
1
1
1
3
3
5
1
2
3
4
5
1
1
3
3
5
328  5
1
1
1
1
1
1
1
1
1
1
1
1
3
3
5
1
2
3
4
5
1
1
3
5
5
329  5
1
1
1
1
1
1
1
1
1
1
1
1
3
3
5
1
2
3
4
5
1
1
5
5
3
330  5
1
1
1
1
1
1
1
1
1
1
1
1
3
3
5
1
2
3
4
5
5
5
5
5
5
331  5
1
1
1
1
1
1
1
1
1
1
1
1
3
4
4
1
1
4
3
3
1
1
4
3
3
332  5
1
1
1
1
1
1
1
1
1
1
1
1
3
4
4
4
4
4
4
4
4
4
4
4
4
333  5
1
1
1
1
1
1
1
1
1
1
1
1
3
4
4
4
4
4
4
4
4
4
4
4
5
334  5
1
1
1
1
1
1
1
1
1
1
1
1
3
4
4
4
4
4
4
4
4
4
5
4
4
335  5
1
1
1
1
1
1
1
1
1
1
1
1
3
4
4
4
4
4
4
4
5
5
5
5
5
336  5
1
1
1
1
1
1
1
1
1
1
1
1
3
4
5
1
1
3
4
5
5
5
5
5
5
337  5
1
1
1
1
1
1
1
1
1
1
1
1
3
4
5
1
1
4
3
5
5
5
5
5
5
338  5
1
1
1
1
1
1
1
1
1
1
1
1
3
4
5
1
1
4
5
3
1
1
5
3
4
339  5
1
1
1
1
1
1
1
1
1
1
1
1
3
4
5
4
4
4
4
4
4
4
4
4
4
340  5
1
1
1
1
1
1
1
1
1
1
1
1
3
4
5
4
4
4
4
4
4
4
5
1
3
341  5
1
1
1
1
1
1
1
1
1
1
1
1
3
4
5
4
4
4
4
4
4
4
5
4
4
342  5
1
1
1
1
1
1
1
1
1
1
1
1
3
4
5
4
4
4
4
4
4
4
5
4
5
343  5
1
1
1
1
1
1
1
1
1
1
1
1
3
4
5
4
4
4
4
4
5
5
5
5
5
344  5
1
1
1
1
1
1
1
1
1
1
1
2
3
1
1
4
4
4
4
4
4
4
4
4
4
345  5
1
1
1
1
1
1
1
1
1
1
1
2
3
1
1
4
4
4
4
4
4
4
4
4
5
346  5
1
1
1
1
1
1
1
1
1
1
1
2
3
1
1
4
4
4
4
4
4
4
5
4
4
347  5
1
1
1
1
1
1
1
1
1
1
1
2
3
1
1
4
4
4
4
4
5
5
5
5
5
348  5
1
1
1
1
1
1
1
1
1
1
1
2
3
1
2
4
4
4
4
4
4
4
4
4
4
349  5
1
1
1
1
1
1
1
1
1
1
1
2
3
1
3
4
4
4
4
4
1
2
3
1
3
350  5
1
1
1
1
1
1
1
1
1
1
1
2
3
1
3
4
4
4
4
4
1
2
3
1
5
351  5
1
1
1
1
1
1
1
1
1
1
1
2
3
1
3
4
4
4
4
4
1
2
3
4
5
352  5
1
1
1
1
1
1
1
1
1
1
1
2
3
1
3
4
4
4
4
4
1
2
5
1
5
353  5
1
1
1
1
1
1
1
1
1
1
1
2
3
1
5
4
4
4
4
4
1
2
3
1
5
354  5
1
1
1
1
1
1
1
1
1
1
1
2
3
1
5
4
4
4
4
4
1
2
5
1
3
355  5
1
1
1
1
1
1
1
1
1
1
1
2
3
1
5
4
4
4
4
4
5
5
5
5
5
356  5
1
1
1
1
1
1
1
1
1
1
1
2
3
3
3
1
2
3
3
3
1
2
3
3
3
357  5
1
1
1
1
1
1
1
1
1
1
1
2
3
3
3
1
2
3
3
3
1
2
3
3
4
358  5
1
1
1
1
1
1
1
1
1
1
1
2
3
3
3
1
2
3
3
3
1
2
3
3
5
359  5
1
1
1
1
1
1
1
1
1
1
1
2
3
3
3
1
2
3
3
3
1
2
3
4
5
360  5
1
1
1
1
1
1
1
1
1
1
1
2
3
3
3
1
2
3
3
3
1
2
5
5
5
361  5
1
1
1
1
1
1
1
1
1
1
1
2
3
3
3
1
2
3
3
4
1
2
3
3
5
362  5
1
1
1
1
1
1
1
1
1
1
1
2
3
3
3
1
2
3
3
4
1
2
3
4
5
363  5
1
1
1
1
1
1
1
1
1
1
1
2
3
3
3
1
2
3
4
3
1
2
3
3
5
364  5
1
1
1
1
1
1
1
1
1
1
1
2
3
3
3
1
2
3
4
3
1
2
5
5
5
365  5
1
1
1
1
1
1
1
1
1
1
1
2
3
3
3
1
2
3
4
4
1
2
3
4
4
366  5
1
1
1
1
1
1
1
1
1
1
1
2
3
3
3
1
2
3
4
4
1
2
3
4
5
367  5
1
1
1
1
1
1
1
1
1
1
1
2
3
3
3
1
2
3
4
4
1
2
3
5
5
368  5
1
1
1
1
1
1
1
1
1
1
1
2
3
3
3
1
2
3
4
5
1
2
3
4
5
369  5
1
1
1
1
1
1
1
1
1
1
1
2
3
3
3
1
2
3
4
5
1
2
3
5
4
370  5
1
1
1
1
1
1
1
1
1
1
1
2
3
3
3
1
2
3
4
5
1
2
5
5
5
371  5
1
1
1
1
1
1
1
1
1
1
1
2
3
3
3
1
2
4
4
4
1
2
5
5
5
372  5
1
1
1
1
1
1
1
1
1
1
1
2
3
3
5
1
2
3
3
5
1
2
3
3
5
373  5
1
1
1
1
1
1
1
1
1
1
1
2
3
3
5
1
2
3
3
5
1
2
5
5
3
374  5
1
1
1
1
1
1
1
1
1
1
1
2
3
3
5
1
2
3
3
5
5
5
5
5
5
375  5
1
1
1
1
1
1
1
1
1
1
1
2
3
3
5
1
2
3
4
5
1
2
3
3
5
376  5
1
1
1
1
1
1
1
1
1
1
1
2
3
3
5
1
2
3
4
5
1
2
3
5
5
377  5
1
1
1
1
1
1
1
1
1
1
1
2
3
3
5
1
2
3
4
5
1
2
5
5
3
378  5
1
1
1
1
1
1
1
1
1
1
1
2
3
3
5
1
2
3
4
5
5
5
5
5
5
379  5
1
1
1
1
1
1
1
1
1
1
1
2
3
3
5
1
2
4
4
5
5
5
5
5
5
380  5
1
1
1
1
1
1
1
1
1
1
1
2
3
4
4
1
2
4
3
3
1
2
4
3
3
381  5
1
1
1
1
1
1
1
1
1
1
1
2
3
4
4
4
4
4
4
4
4
4
4
4
5
382  5
1
1
1
1
1
1
1
1
1
1
1
2
3
4
4
4
4
4
4
4
4
4
5
4
4
383  5
1
1
1
1
1
1
1
1
1
1
1
2
3
4
4
4
4
4
4
4
5
5
5
5
5
384  5
1
1
1
1
1
1
1
1
1
1
1
2
3
4
5
1
2
3
4
5
1
2
3
4
5
385  5
1
1
1
1
1
1
1
1
1
1
1
2
3
4
5
1
2
3
4
5
5
5
5
5
5
386  5
1
1
1
1
1
1
1
1
1
1
1
2
3
4
5
1
2
4
3
5
5
5
5
5
5
387  5
1
1
1
1
1
1
1
1
1
1
1
2
3
4
5
1
2
4
5
3
1
2
5
3
4
388  5
1
1
1
1
1
1
1
1
1
1
1
2
3
4
5
4
4
4
4
4
4
4
4
4
4
389  5
1
1
1
1
1
1
1
1
1
1
1
2
3
4
5
4
4
4
4
4
4
4
5
4
4
390  5
1
1
1
1
1
1
1
1
1
1
1
2
3
4
5
4
4
4
4
4
4
4
5
4
5
391  5
1
1
1
1
1
1
1
1
1
1
1
2
3
4
5
4
4
4
4
4
5
5
5
5
5
392  5
1
1
1
1
1
1
1
1
1
1
3
3
3
3
3
3
3
3
3
1
5
5
5
5
5
393  5
1
1
1
1
1
1
1
1
1
1
3
3
3
3
3
3
3
3
3
3
5
5
5
5
5
394  5
1
1
1
1
1
1
1
1
1
1
3
3
3
3
3
3
3
3
3
4
3
3
3
3
5
395  5
1
1
1
1
1
1
1
1
1
1
3
3
3
3
3
3
3
3
3
4
3
3
3
4
5
396  5
1
1
1
1
1
1
1
1
1
1
3
3
3
3
3
3
3
3
4
3
3
3
3
3
5
397  5
1
1
1
1
1
1
1
1
1
1
3
3
3
3
3
3
3
3
4
3
5
5
5
5
5
398  5
1
1
1
1
1
1
1
1
1
1
3
3
3
3
3
3
3
3
4
4
3
3
3
4
4
399  5
1
1
1
1
1
1
1
1
1
1
3
3
3
3
3
3
3
3
4
4
3
3
3
4
5
400  5
1
1
1
1
1
1
1
1
1
1
3
3
3
3
3
3
3
3
4
4
3
3
3
5
5
401  5
1
1
1
1
1
1
1
1
1
1
3
3
3
3
3
3
3
3
4
5
3
3
3
4
5
402  5
1
1
1
1
1
1
1
1
1
1
3
3
3
3
3
3
3
3
4
5
3
3
3
5
4
403  5
1
1
1
1
1
1
1
1
1
1
3
3
3
3
3
3
3
3
4
5
5
5
5
5
5
404  5
1
1
1
1
1
1
1
1
1
1
3
3
3
3
3
3
3
5
5
5
5
5
5
5
5
405  5
1
1
1
1
1
1
1
1
1
1
3
3
3
3
3
4
4
4
4
4
5
5
5
5
5
406  5
1
1
1
1
1
1
1
1
1
2
1
1
1
1
2
1
1
1
1
2
1
2
2
2
5
407  5
1
1
1
1
1
1
1
1
1
2
1
1
1
1
2
1
1
1
1
2
1
2
2
4
5
408  5
1
1
1
1
1
1
1
1
1
2
1
1
1
1
2
1
1
1
1
2
1
2
3
3
5
409  5
1
1
1
1
1
1
1
1
1
2
1
1
1
1
2
1
1
1
1
2
1
2
3
4
5
410  5
1
1
1
1
1
1
1
1
1
2
1
1
1
1
2
1
1
1
1
4
1
2
2
4
5
411  5
1
1
1
1
1
1
1
1
1
2
1
1
1
1
2
1
1
1
1
4
1
2
3
2
5
412  5
1
1
1
1
1
1
1
1
1
2
1
1
1
1
2
1
1
1
1
4
1
2
3
4
5
413  5
1
1
1
1
1
1
1
1
1
2
1
1
1
1
2
1
1
1
2
4
1
2
2
4
5
414  5
1
1
1
1
1
1
1
1
1
2
1
1
1
1
2
1
1
1
2
4
1
2
3
4
5
415  5
1
1
1
1
1
1
1
1
1
2
1
1
1
1
2
1
1
1
4
1
1
2
2
1
5
416  5
1
1
1
1
1
1
1
1
1
2
1
1
1
1
2
1
1
1
4
1
1
2
3
1
5
417  5
1
1
1
1
1
1
1
1
1
2
1
1
1
1
2
1
1
1
4
4
1
2
2
4
5
418  5
1
1
1
1
1
1
1
1
1
2
1
1
1
1
2
1
1
1
4
4
1
2
3
4
5
419  5
1
1
1
1
1
1
1
1
1
2
1
1
1
1
2
1
2
2
4
1
1
1
1
1
5
420  5
1
1
1
1
1
1
1
1
1
2
1
1
1
1
2
1
2
2
4
2
1
1
1
1
5
421  5
1
1
1
1
1
1
1
1
1
2
1
1
1
1
2
1
2
2
4
4
1
2
2
4
5
422  5
1
1
1
1
1
1
1
1
1
2
1
1
1
1
2
1
2
2
4
4
1
2
3
4
5
423  5
1
1
1
1
1
1
1
1
1
2
1
1
1
1
2
1
2
3
4
1
1
1
1
1
5
424  5
1
1
1
1
1
1
1
1
1
2
1
1
1
1
2
1
2
3
4
2
1
1
1
1
5
425  5
1
1
1
1
1
1
1
1
1
2
1
1
1
1
2
1
2
3
4
4
1
2
3
4
5
426  5
1
1
1
1
1
1
1
1
1
2
1
1
1
1
2
4
4
4
4
4
1
1
1
1
5
427  5
1
1
1
1
1
1
1
1
1
2
1
1
1
1
2
4
4
4
4
4
1
1
1
4
5
428  5
1
1
1
1
1
1
1
1
1
2
1
1
1
1
2
4
4
4
4
4
1
2
2
1
5
429  5
1
1
1
1
1
1
1
1
1
2
1
1
1
1
2
4
4
4
4
4
1
2
2
4
5
430  5
1
1
1
1
1
1
1
1
1
2
1
1
1
1
2
4
4
4
4
4
1
2
3
1
5
431  5
1
1
1
1
1
1
1
1
1
2
1
1
1
1
2
4
4
4
4
4
1
2
3
4
5
432  5
1
1
1
1
1
1
1
1
1
2
1
1
1
1
2
4
4
4
4
4
4
4
4
4
5
433  5
1
1
1
1
1
1
1
1
1
2
1
1
1
1
3
1
1
1
1
4
1
2
3
4
5
434  5
1
1
1
1
1
1
1
1
1
2
1
1
1
1
3
1
1
1
2
4
1
2
3
4
5
435  5
1
1
1
1
1
1
1
1
1
2
1
1
1
1
3
1
1
1
4
1
1
2
3
1
5
436  5
1
1
1
1
1
1
1
1
1
2
1
1
1
1
3
1
1
1
4
4
1
2
3
4
5
437  5
1
1
1
1
1
1
1
1
1
2
1
1
1
1
3
1
1
2
1
1
1
2
1
4
5
438  5
1
1
1
1
1
1
1
1
1
2
1
1
1
1
3
1
1
2
1
1
1
2
2
4
5
439  5
1
1
1
1
1
1
1
1
1
2
1
1
1
1
3
1
1
2
1
2
1
2
2
4
5
440  5
1
1
1
1
1
1
1
1
1
2
1
1
1
1
3
1
1
2
1
4
1
2
3
4
5
441  5
1
1
1
1
1
1
1
1
1
2
1
1
1
1
3
1
1
2
2
4
1
2
3
4
5
442  5
1
1
1
1
1
1
1
1
1
2
1
1
1
1
3
1
1
3
4
1
1
2
1
1
5
443  5
1
1
1
1
1
1
1
1
1
2
1
1
1
1
3
1
1
3
4
3
1
2
1
1
5
444  5
1
1
1
1
1
1
1
1
1
2
1
1
1
1
3
1
1
3
4
4
1
2
3
4
5
445  5
1
1
1
1
1
1
1
1
1
2
1
1
1
1
3
1
2
2
4
4
1
2
2
4
5
446  5
1
1
1
1
1
1
1
1
1
2
1
1
1
1
3
1
2
2
4
4
1
2
3
4
5
447  5
1
1
1
1
1
1
1
1
1
2
1
1
1
1
3
1
2
3
4
1
1
1
1
1
5
448  5
1
1
1
1
1
1
1
1
1
2
1
1
1
1
3
1
2
3
4
2
1
1
1
1
5
449  5
1
1
1
1
1
1
1
1
1
2
1
1
1
1
3
1
2
3
4
4
1
2
3
4
5
450  5
1
1
1
1
1
1
1
1
1
2
1
1
1
1
3
4
4
4
4
4
1
1
1
1
5
451  5
1
1
1
1
1
1
1
1
1
2
1
1
1
1
3
4
4
4
4
4
1
1
1
4
5
452  5
1
1
1
1
1
1
1
1
1
2
1
1
1
1
3
4
4
4
4
4
1
1
3
1
5
453  5
1
1
1
1
1
1
1
1
1
2
1
1
1
1
3
4
4
4
4
4
1
1
3
4
5
454  5
1
1
1
1
1
1
1
1
1
2
1
1
1
1
3
4
4
4
4
4
1
2
2
1
5
455  5
1
1
1
1
1
1
1
1
1
2
1
1
1
1
3
4
4
4
4
4
1
2
2
4
5
456  5
1
1
1
1
1
1
1
1
1
2
1
1
1
1
3
4
4
4
4
4
1
2
3
1
5
457  5
1
1
1
1
1
1
1
1
1
2
1
1
1
1
3
4
4
4
4
4
1
2
3
4
5
458  5
1
1
1
1
1
1
1
1
1
2
1
1
1
1
3
4
4
4
4
4
4
4
4
4
5
459  5
1
1
1
1
1
1
1
1
1
2
1
1
1
2
3
1
1
2
1
4
1
2
3
4
5
460  5
1
1
1
1
1
1
1
1
1
2
1
1
1
2
3
1
1
2
2
4
1
2
3
4
5
461  5
1
1
1
1
1
1
1
1
1
2
1
1
1
2
3
1
1
2
3
4
1
2
3
4
5
462  5
1
1
1
1
1
1
1
1
1
2
1
1
1
3
1
1
1
3
4
1
1
2
1
1
5
463  5
1
1
1
1
1
1
1
1
1
2
1
1
1
3
1
1
2
1
4
1
1
1
3
1
5
464  5
1
1
1
1
1
1
1
1
1
2
1
1
1
3
1
1
2
1
4
1
1
1
3
3
5
465  5
1
1
1
1
1
1
1
1
1
2
1
1
1
3
1
1
2
1
4
2
1
1
3
3
5
466  5
1
1
1
1
1
1
1
1
1
2
1
1
1
3
3
1
1
3
4
4
1
2
3
4
5
467  5
1
1
1
1
1
1
1
1
1
2
1
1
1
3
3
1
2
1
4
4
1
2
3
4
5
468  5
1
1
1
1
1
1
1
1
1
2
1
1
1
3
3
1
2
3
4
4
1
2
3
4
5
469  5
1
1
1
1
1
1
1
1
1
2
1
1
2
1
3
1
1
1
2
4
1
2
3
4
5
470  5
1
1
1
1
1
1
1
1
1
2
1
1
2
1
3
1
1
1
4
1
1
2
3
1
5
471  5
1
1
1
1
1
1
1
1
1
2
1
1
2
1
3
1
1
1
4
4
1
2
3
4
5
472  5
1
1
1
1
1
1
1
1
1
2
1
1
2
1
3
1
1
2
2
4
1
2
3
4
5
473  5
1
1
1
1
1
1
1
1
1
2
1
1
2
1
3
4
4
4
4
4
1
2
3
1
5
474  5
1
1
1
1
1
1
1
1
1
2
1
1
2
1
3
4
4
4
4
4
1
2
3
4
5
475  5
1
1
1
1
1
1
1
1
1
2
1
1
2
2
3
1
1
2
2
3
1
2
3
3
5
476  5
1
1
1
1
1
1
1
1
1
2
1
1
2
2
3
1
1
2
2
3
1
2
3
4
5
477  5
1
1
1
1
1
1
1
1
1
2
1
1
2
2
3
1
1
2
2
4
1
2
3
4
5
478  5
1
1
1
1
1
1
1
1
1
2
1
1
3
1
1
1
1
1
4
1
1
2
1
1
5
479  5
1
1
1
1
1
1
1
1
1
2
1
1
3
1
1
1
1
1
4
4
1
2
1
4
5
480  5
1
1
1
1
1
1
1
1
1
2
1
1
3
1
1
1
2
1
4
1
1
1
1
1
5
481  5
1
1
1
1
1
1
1
1
1
2
1
1
3
1
1
1
2
1
4
2
1
1
1
1
5
482  5
1
1
1
1
1
1
1
1
1
2
1
1
3
1
1
1
2
1
4
4
1
2
1
4
5
483  5
1
1
1
1
1
1
1
1
1
2
1
1
3
1
1
4
4
4
4
4
1
1
1
1
5
484  5
1
1
1
1
1
1
1
1
1
2
1
1
3
1
1
4
4
4
4
4
1
1
1
4
5
485  5
1
1
1
1
1
1
1
1
1
2
1
1
3
1
1
4
4
4
4
4
1
2
1
1
5
486  5
1
1
1
1
1
1
1
1
1
2
1
1
3
1
1
4
4
4
4
4
1
2
1
4
5
487  5
1
1
1
1
1
1
1
1
1
2
1
1
3
1
1
4
4
4
4
4
4
4
4
4
5
488  5
1
1
1
1
1
1
1
1
1
2
1
1
3
1
3
1
1
1
4
4
1
2
3
4
5
489  5
1
1
1
1
1
1
1
1
1
2
1
1
3
1
3
1
2
1
4
1
1
1
3
1
5
490  5
1
1
1
1
1
1
1
1
1
2
1
1
3
1
3
1
2
1
4
2
1
1
3
1
5
491  5
1
1
1
1
1
1
1
1
1
2
1
1
3
1
3
1
2
1
4
4
1
2
3
4
5
492  5
1
1
1
1
1
1
1
1
1
2
1
1
3
1
3
4
4
4
4
4
1
1
3
1
5
493  5
1
1
1
1
1
1
1
1
1
2
1
1
3
1
3
4
4
4
4
4
1
1
3
4
5
494  5
1
1
1
1
1
1
1
1
1
2
1
1
3
1
3
4
4
4
4
4
1
2
3
1
5
495  5
1
1
1
1
1
1
1
1
1
2
1
1
3
1
3
4
4
4
4
4
1
2
3
4
5
496  5
1
1
1
1
1
1
1
1
1
2
1
1
3
3
1
1
1
3
3
1
1
2
1
1
5
497  5
1
1
1
1
1
1
1
1
1
2
1
1
3
3
1
1
1
3
3
2
1
2
1
2
5
498  5
1
1
1
1
1
1
1
1
1
2
1
1
3
3
1
1
1
3
4
1
1
2
1
1
5
499  5
1
1
1
1
1
1
1
1
1
2
1
1
3
3
1
1
1
4
4
1
1
2
1
1
5
500  5
1
1
1
1
1
1
1
1
1
2
1
1
3
3
3
1
1
3
3
3
1
2
3
3
5
501  5
1
1
1
1
1
1
1
1
1
2
1
1
3
3
3
1
1
3
3
3
1
2
3
4
5
502  5
1
1
1
1
1
1
1
1
1
2
1
1
3
3
3
1
1
3
3
4
1
2
3
4
5
503  5
1
1
1
1
1
1
1
1
1
2
1
1
3
3
3
1
1
3
4
3
1
2
3
3
5
504  5
1
1
1
1
1
1
1
1
1
2
1
1
3
3
3
1
1
3
4
4
1
2
3
4
5
505  5
1
1
1
1
1
1
1
1
1
2
1
1
3
3
3
1
1
4
4
4
1
2
3
3
5
506  5
1
1
1
1
1
1
1
1
1
2
1
1
3
3
3
1
1
4
4
4
1
2
3
4
5
507  5
1
1
1
1
1
1
1
1
1
2
1
1
3
3
3
1
2
3
4
3
1
1
3
3
5
508  5
1
1
1
1
1
1
1
1
1
2
1
1
3
3
3
1
2
3
4
4
1
2
3
4
5
509  5
1
1
1
1
1
1
1
1
1
2
1
1
3
4
1
1
1
4
3
1
1
2
1
1
5
510  5
1
1
1
1
1
1
1
1
1
2
1
1
3
4
1
4
4
4
4
4
1
1
1
1
5
511  5
1
1
1
1
1
1
1
1
1
2
1
1
3
4
1
4
4
4
4
4
1
2
1
1
5
512  5
1
1
1
1
1
1
1
1
1
2
1
1
3
4
3
1
1
4
3
4
1
2
3
4
5
513  5
1
1
1
1
1
1
1
1
1
2
1
1
3
4
3
4
4
4
4
4
1
1
3
4
5
514  5
1
1
1
1
1
1
1
1
1
2
1
1
3
4
3
4
4
4
4
4
1
2
3
4
5
515  5
1
1
1
1
1
1
1
1
1
2
1
1
3
4
4
4
4
4
4
4
4
4
4
4
5
516  5
1
1
1
1
1
1
1
1
1
2
1
2
3
1
1
4
4
4
4
4
1
1
1
1
5
517  5
1
1
1
1
1
1
1
1
1
2
1
2
3
1
1
4
4
4
4
4
1
1
1
4
5
518  5
1
1
1
1
1
1
1
1
1
2
1
2
3
1
1
4
4
4
4
4
4
4
4
4
5
519  5
1
1
1
1
1
1
1
1
1
2
1
2
3
1
2
4
4
4
4
4
1
1
1
1
5
520  5
1
1
1
1
1
1
1
1
1
2
1
2
3
1
2
4
4
4
4
4
1
1
1
4
5
521  5
1
1
1
1
1
1
1
1
1
2
1
2
3
1
2
4
4
4
4
4
4
4
4
4
5
522  5
1
1
1
1
1
1
1
1
1
2
1
2
3
1
3
4
4
4
4
4
1
2
3
1
5
523  5
1
1
1
1
1
1
1
1
1
2
1
2
3
1
3
4
4
4
4
4
1
2
3
4
5
524  5
1
1
1
1
1
1
1
1
1
2
1
2
3
3
1
1
2
3
3
1
1
1
1
1
5
525  5
1
1
1
1
1
1
1
1
1
2
1
2
3
3
1
1
2
3
4
1
1
1
1
1
5
526  5
1
1
1
1
1
1
1
1
1
2
1
2
3
3
1
1
2
4
4
1
1
1
1
1
5
527  5
1
1
1
1
1
1
1
1
1
2
1
2
3
3
2
1
2
3
3
2
1
1
1
1
5
528  5
1
1
1
1
1
1
1
1
1
2
1
2
3
3
2
1
2
3
4
2
1
1
1
1
5
529  5
1
1
1
1
1
1
1
1
1
2
1
2
3
3
2
1
2
4
4
2
1
1
1
1
5
530  5
1
1
1
1
1
1
1
1
1
2
1
2
3
3
3
1
2
3
3
3
1
2
3
3
5
531  5
1
1
1
1
1
1
1
1
1
2
1
2
3
3
3
1
2
3
3
3
1
2
3
4
5
532  5
1
1
1
1
1
1
1
1
1
2
1
2
3
3
3
1
2
3
3
4
1
2
3
3
5
533  5
1
1
1
1
1
1
1
1
1
2
1
2
3
3
3
1
2
3
3
4
1
2
3
4
5
534  5
1
1
1
1
1
1
1
1
1
2
1
2
3
3
3
1
2
3
4
3
1
2
3
3
5
535  5
1
1
1
1
1
1
1
1
1
2
1
2
3
3
3
1
2
3
4
4
1
2
3
4
5
536  5
1
1
1
1
1
1
1
1
1
2
1
2
3
3
3
1
2
4
4
4
1
2
3
3
5
537  5
1
1
1
1
1
1
1
1
1
2
1
2
3
3
3
1
2
4
4
4
1
2
3
4
5
538  5
1
1
1
1
1
1
1
1
1
2
1
2
3
4
1
1
2
3
4
1
1
1
1
1
5
539  5
1
1
1
1
1
1
1
1
1
2
1
2
3
4
1
1
2
3
4
2
1
1
1
1
5
540  5
1
1
1
1
1
1
1
1
1
2
1
2
3
4
1
1
2
4
3
1
1
1
1
1
5
541  5
1
1
1
1
1
1
1
1
1
2
1
2
3
4
1
4
4
4
4
4
1
1
1
1
5
542  5
1
1
1
1
1
1
1
1
1
2
1
2
3
4
2
1
2
3
4
2
1
1
1
1
5
543  5
1
1
1
1
1
1
1
1
1
2
1
2
3
4
2
1
2
4
3
2
1
1
1
1
5
544  5
1
1
1
1
1
1
1
1
1
2
1
2
3
4
2
4
4
4
4
4
1
1
1
1
5
545  5
1
1
1
1
1
1
1
1
1
2
1
2
3
4
3
1
2
3
4
3
1
2
3
4
5
546  5
1
1
1
1
1
1
1
1
1
2
1
2
3
4
3
1
2
3
4
4
1
2
3
4
5
547  5
1
1
1
1
1
1
1
1
1
2
1
2
3
4
3
1
2
4
3
4
1
2
3
4
5
548  5
1
1
1
1
1
1
1
1
1
2
1
2
3
4
3
4
4
4
4
4
1
2
3
4
5
549  5
1
1
1
1
1
1
1
1
1
2
1
2
3
4
4
4
4
4
4
4
4
4
4
4
5
550  5
1
1
1
1
1
1
1
1
1
2
3
3
3
3
3
3
3
3
3
4
1
1
1
1
5
551  5
1
1
1
1
1
1
1
1
1
2
3
3
3
3
3
3
3
3
3
4
1
1
3
3
5
552  5
1
1
1
1
1
1
1
1
1
2
3
3
3
3
3
3
3
3
3
4
1
1
3
4
5
553  5
1
1
1
1
1
1
1
1
1
2
3
3
3
3
3
3
3
3
3
4
1
2
1
1
5
554  5
1
1
1
1
1
1
1
1
1
2
3
3
3
3
3
3
3
3
3
4
1
2
1
2
5
555  5
1
1
1
1
1
1
1
1
1
2
3
3
3
3
3
3
3
3
3
4
1
2
3
4
5
556  5
1
1
1
1
1
1
1
1
1
2
3
3
3
3
3
3
3
3
4
3
1
1
1
1
5
557  5
1
1
1
1
1
1
1
1
1
2
3
3
3
3
3
3
3
3
4
3
1
1
3
3
5
558  5
1
1
1
1
1
1
1
1
1
2
3
3
3
3
3
3
3
3
4
3
1
2
1
1
5
559  5
1
1
1
1
1
1
1
1
1
2
3
3
3
3
3
3
3
3
4
3
1
2
3
3
5
560  5
1
1
1
1
1
1
1
1
1
2
3
3
3
3
3
3
3
3
4
3
3
3
3
3
5
561  5
1
1
1
1
1
1
1
1
1
2
3
3
3
3
3
3
3
3
4
4
1
1
3
4
5
562  5
1
1
1
1
1
1
1
1
1
2
3
3
3
3
3
3
3
3
4
4
1
2
3
4
5
563  5
1
1
1
1
1
1
1
1
1
2
3
3
3
3
3
3
3
3
4
4
3
3
3
4
5
564  5
1
1
1
1
1
1
1
1
1
2
3
3
3
3
3
4
4
4
4
4
1
1
1
1
5
565  5
1
1
1
1
1
1
1
1
1
2
3
3
3
3
3
4
4
4
4
4
1
1
1
4
5
566  5
1
1
1
1
1
1
1
1
1
2
3
3
3
3
3
4
4
4
4
4
1
1
3
3
5
567  5
1
1
1
1
1
1
1
1
1
2
3
3
3
3
3
4
4
4
4
4
1
1
3
4
5
568  5
1
1
1
1
1
1
1
1
1
2
3
3
3
3
3
4
4
4
4
4
1
2
1
1
5
569  5
1
1
1
1
1
1
1
1
1
2
3
3
3
3
3
4
4
4
4
4
1
2
1
4
5
570  5
1
1
1
1
1
1
1
1
1
2
3
3
3
3
3
4
4
4
4
4
1
2
3
3
5
571  5
1
1
1
1
1
1
1
1
1
2
3
3
3
3
3
4
4
4
4
4
1
2
3
4
5
572  5
1
1
1
1
1
1
1
1
1
2
3
3
3
3
3
4
4
4
4
4
3
3
3
3
5
573  5
1
1
1
1
1
1
1
1
1
2
3
3
3
3
3
4
4
4
4
4
3
3
3
4
5
574  5
1
1
1
1
1
1
1
1
1
3
1
1
1
3
3
1
2
3
4
4
1
2
3
5
5
575  5
1
1
1
1
1
1
1
1
1
3
3
3
3
3
3
1
1
1
1
3
5
5
5
5
5
576  5
1
1
1
1
1
1
1
1
1
3
3
3
3
3
3
1
1
1
4
1
5
5
5
5
5
577  5
1
1
1
1
1
1
1
1
1
3
3
3
3
3
3
1
2
3
4
1
5
5
5
5
5
578  5
1
1
1
1
1
1
1
1
1
3
3
3
3
3
3
1
2
3
4
3
5
5
5
5
5
579  5
1
1
1
1
1
1
1
1
1
3
3
3
3
3
3
3
3
3
3
1
5
5
5
5
5
580  5
1
1
1
1
1
1
1
1
1
3
3
3
3
3
3
3
3
3
4
3
5
5
5
5
5
581  5
1
1
1
1
1
1
1
1
1
3
3
3
3
3
3
4
4
4
4
4
5
5
5
5
5
582  5
1
1
1
1
1
1
1
1
2
2
1
1
1
2
2
1
2
2
4
4
1
2
2
4
4
583  5
1
1
1
1
1
1
1
1
2
2
1
1
1
2
2
1
2
2
4
4
1
2
2
4
5
584  5
1
1
1
1
1
1
1
1
2
2
1
1
1
2
2
1
2
2
4
4
1
2
2
5
5
585  5
1
1
1
1
1
1
1
1
2
2
1
1
1
2
2
1
2
2
4
4
1
2
3
4
5
586  5
1
1
1
1
1
1
1
1
2
2
1
1
1
2
2
1
2
2
4
5
1
2
2
5
4
587  5
1
1
1
1
1
1
1
1
2
2
1
1
1
2
2
1
2
3
4
4
1
2
3
4
4
588  5
1
1
1
1
1
1
1
1
2
2
1
1
1
2
2
1
2
3
4
4
1
2
3
4
5
589  5
1
1
1
1
1
1
1
1
2
2
1
1
1
2
2
1
2
3
4
4
1
2
3
5
5
590  5
1
1
1
1
1
1
1
1
2
2
1
1
1
2
2
1
2
3
4
5
1
2
3
4
5
591  5
1
1
1
1
1
1
1
1
2
2
1
1
1
2
2
1
2
3
4
5
1
2
3
5
4
592  5
1
1
1
1
1
1
1
1
2
2
1
1
1
2
3
1
2
2
4
4
1
2
3
4
5
593  5
1
1
1
1
1
1
1
1
2
2
1
1
1
2
3
1
2
3
4
4
1
2
3
4
5
594  5
1
1
1
1
1
1
1
1
2
2
1
1
1
3
3
1
2
2
4
4
1
3
3
5
5
595  5
1
1
1
1
1
1
1
1
2
2
1
1
1
3
3
1
2
3
4
4
1
2
3
4
4
596  5
1
1
1
1
1
1
1
1
2
2
1
1
1
3
3
1
2
3
4
4
1
2
3
4
5
597  5
1
1
1
1
1
1
1
1
2
2
1
1
1
3
3
1
2
3
4
4
1
2
3
5
5
598  5
1
1
1
1
1
1
1
1
2
2
1
1
1
3
3
1
2
3
4
5
1
2
3
5
4
599  5
1
1
1
1
1
1
1
1
2
2
1
1
1
3
3
1
2
3
4
5
1
3
2
5
4
600  5
1
1
1
1
1
1
1
1
2
2
1
1
2
3
3
1
2
3
4
4
1
2
3
4
4
601  5
1
1
1
1
1
1
1
1
2
2
1
1
2
3
3
1
2
3
4
4
1
2
3
4
5
602  5
1
1
1
1
1
1
1
1
2
2
1
1
2
3
3
1
2
3
4
4
1
2
3
5
5
603  5
1
1
1
1
1
1
1
1
2
2
1
1
2
3
3
1
2
3
4
5
1
2
3
5
4
604  5
1
1
1
1
1
1
1
1
2
2
1
1
3
1
1
1
2
1
4
4
1
2
1
4
4
605  5
1
1
1
1
1
1
1
1
2
2
1
1
3
1
1
1
2
1
4
4
1
2
1
4
5
606  5
1
1
1
1
1
1
1
1
2
2
1
1
3
1
1
1
2
1
4
4
1
2
1
5
5
607  5
1
1
1
1
1
1
1
1
2
2
1
1
3
1
1
1
2
1
4
5
1
2
1
5
4
608  5
1
1
1
1
1
1
1
1
2
2
1
1
3
1
3
1
2
1
4
4
1
2
3
4
5
609  5
1
1
1
1
1
1
1
1
2
2
1
1
3
3
3
1
2
3
4
4
1
2
3
4
4
610  5
1
1
1
1
1
1
1
1
2
2
1
1
3
3
3
1
2
3
4
4
1
2
3
4
5
611  5
1
1
1
1
1
1
1
1
2
2
1
1
3
3
3
1
2
3
4
4
1
2
3
5
5
612  5
1
1
1
1
1
1
1
1
2
2
1
1
3
3
3
1
2
3
4
5
1
2
3
5
4
613  5
1
1
1
1
1
1
1
1
2
2
1
2
3
1
3
1
1
1
4
4
1
2
3
4
5
614  5
1
1
1
1
1
1
1
1
2
2
1
2
3
2
3
1
1
1
4
4
1
2
3
4
5
615  5
1
1
1
1
1
1
1
1
2
2
1
2
3
3
3
1
2
3
4
4
1
2
3
4
4
616  5
1
1
1
1
1
1
1
1
2
2
1
2
3
3
3
1
2
3
4
4
1
2
3
4
5
617  5
1
1
1
1
1
1
1
1
2
2
1
2
3
3
3
1
2
3
4
4
1
2
3
5
5
618  5
1
1
1
1
1
1
1
1
2
2
1
2
3
3
3
1
2
3
4
5
1
2
3
4
5
619  5
1
1
1
1
1
1
1
1
2
2
1
2
3
3
3
1
2
3
4
5
1
2
3
5
4
620  5
1
1
1
1
1
1
1
1
2
2
3
3
3
3
3
1
1
1
4
4
1
1
1
4
4
621  5
1
1
1
1
1
1
1
1
2
2
3
3
3
3
3
1
1
1
4
4
1
1
1
4
5
622  5
1
1
1
1
1
1
1
1
2
2
3
3
3
3
3
1
1
1
4
4
1
1
1
5
5
623  5
1
1
1
1
1
1
1
1
2
2
3
3
3
3
3
1
1
1
4
4
1
1
3
4
5
624  5
1
1
1
1
1
1
1
1
2
2
3
3
3
3
3
1
1
1
4
4
1
2
1
4
5
625  5
1
1
1
1
1
1
1
1
2
2
3
3
3
3
3
1
1
1
4
4
1
2
3
4
5
626  5
1
1
1
1
1
1
1
1
2
2
3
3
3
3
3
1
1
1
4
4
3
3
3
5
5
627  5
1
1
1
1
1
1
1
1
2
2
3
3
3
3
3
1
1
1
4
5
1
1
1
4
5
628  5
1
1
1
1
1
1
1
1
2
2
3
3
3
3
3
1
1
1
4
5
1
1
1
5
4
629  5
1
1
1
1
1
1
1
1
2
2
3
3
3
3
3
1
1
3
4
4
1
1
3
4
4
630  5
1
1
1
1
1
1
1
1
2
2
3
3
3
3
3
1
1
3
4
4
1
1
3
4
5
631  5
1
1
1
1
1
1
1
1
2
2
3
3
3
3
3
1
1
3
4
4
1
1
3
5
5
632  5
1
1
1
1
1
1
1
1
2
2
3
3
3
3
3
1
1
3
4
4
1
2
3
4
5
633  5
1
1
1
1
1
1
1
1
2
2
3
3
3
3
3
1
1
3
4
5
1
1
3
4
5
634  5
1
1
1
1
1
1
1
1
2
2
3
3
3
3
3
1
1
3
4
5
1
1
3
5
4
635  5
1
1
1
1
1
1
1
1
2
2
3
3
3
3
3
1
1
3
4
5
3
3
1
5
4
636  5
1
1
1
1
1
1
1
1
2
2
3
3
3
3
3
1
1
3
4
5
3
3
3
5
5
637  5
1
1
1
1
1
1
1
1
2
2
3
3
3
3
3
1
2
1
4
4
1
2
1
4
4
638  5
1
1
1
1
1
1
1
1
2
2
3
3
3
3
3
1
2
1
4
4
1
2
1
4
5
639  5
1
1
1
1
1
1
1
1
2
2
3
3
3
3
3
1
2
1
4
4
1
2
1
5
5
640  5
1
1
1
1
1
1
1
1
2
2
3
3
3
3
3
1
2
1
4
4
1
2
3
4
5
641  5
1
1
1
1
1
1
1
1
2
2
3
3
3
3
3
1
2
1
4
5
1
2
1
4
5
642  5
1
1
1
1
1
1
1
1
2
2
3
3
3
3
3
1
2
1
4
5
1
2
1
5
4
643  5
1
1
1
1
1
1
1
1
2
2
3
3
3
3
3
1
2
3
4
4
1
2
3
4
4
644  5
1
1
1
1
1
1
1
1
2
2
3
3
3
3
3
1
2
3
4
4
1
2
3
4
5
645  5
1
1
1
1
1
1
1
1
2
2
3
3
3
3
3
1
2
3
4
4
1
2
3
5
5
646  5
1
1
1
1
1
1
1
1
2
2
3
3
3
3
3
1
2
3
4
5
1
2
3
4
5
647  5
1
1
1
1
1
1
1
1
2
2
3
3
3
3
3
1
2
3
4
5
1
2
3
5
4
648  5
1
1
1
1
1
1
1
1
2
2
3
3
3
3
3
1
2
3
4
5
3
3
3
5
5
649  5
1
1
1
1
1
1
1
1
2
2
3
3
3
3
3
3
3
3
4
4
3
3
3
4
4
650  5
1
1
1
1
1
1
1
1
2
2
3
3
3
3
3
3
3
3
4
4
3
3
3
4
5
651  5
1
1
1
1
1
1
1
1
2
2
3
3
3
3
3
3
3
3
4
4
3
3
3
5
5
652  5
1
1
1
1
1
1
1
1
2
2
3
3
3
3
3
3
3
3
4
5
3
3
3
4
5
653  5
1
1
1
1
1
1
1
1
2
2
3
3
3
3
3
3
3
3
4
5
3
3
3
5
4
654  5
1
1
1
1
1
1
1
1
2
3
1
1
1
3
2
1
2
3
4
5
1
3
2
5
4
655  5
1
1
1
1
1
1
1
1
2
3
1
2
3
1
1
1
1
1
4
5
1
4
5
1
1
656  5
1
1
1
1
1
1
1
1
2
3
1
2
3
2
3
1
1
1
4
5
1
4
5
4
5
657  5
1
1
1
1
1
1
1
1
2
3
3
3
3
3
3
1
1
1
4
5
5
5
5
5
5
658  5
1
1
1
1
1
1
1
1
2
3
3
3
3
3
3
1
2
3
4
5
5
5
5
5
5
659  5
1
1
1
1
1
1
1
1
2
3
3
3
3
3
3
3
3
3
4
5
5
5
5
5
5
660  5
1
1
1
1
1
1
1
1
3
3
3
3
3
3
3
4
4
4
4
4
4
4
4
4
5
661  5
1
1
1
1
1
1
1
1
3
3
3
3
3
3
3
4
4
4
4
4
5
5
5
5
5
662  5
1
1
1
1
1
1
1
2
2
2
1
2
3
3
3
1
2
3
3
3
1
2
3
3
3
663  5
1
1
1
1
1
1
1
2
2
2
1
2
3
3
3
1
2
3
3
3
1
2
3
3
4
664  5
1
1
1
1
1
1
1
2
2
2
1
2
3
3
3
1
2
3
3
3
1
2
3
3
5
665  5
1
1
1
1
1
1
1
2
2
2
1
2
3
3
3
1
2
3
3
3
1
2
3
4
5
666  5
1
1
1
1
1
1
1
2
2
2
1
2
3
3
3
1
2
3
3
3
1
2
5
5
5
667  5
1
1
1
1
1
1
1
2
2
2
1
2
3
3
3
1
2
3
3
4
1
2
3
4
5
668  5
1
1
1
1
1
1
1
2
2
2
1
2
3
3
3
1
2
3
4
3
1
2
3
3
5
669  5
1
1
1
1
1
1
1
2
2
2
1
2
3
3
3
1
2
3
4
3
1
2
5
5
5
670  5
1
1
1
1
1
1
1
2
2
2
1
2
3
3
3
1
2
3
4
4
1
2
3
4
4
671  5
1
1
1
1
1
1
1
2
2
2
1
2
3
3
3
1
2
3
4
4
1
2
3
4
5
672  5
1
1
1
1
1
1
1
2
2
2
1
2
3
3
3
1
2
3
4
4
1
2
3
5
5
673  5
1
1
1
1
1
1
1
2
2
2
1
2
3
3
3
1
2
3
4
5
1
2
3
5
4
674  5
1
1
1
1
1
1
1
2
2
2
1
2
3
3
3
1
2
3
4
5
1
2
5
5
5
675  5
1
1
1
1
1
1
1
2
2
2
1
2
3
3
3
1
2
4
4
4
1
2
5
5
5
676  5
1
1
1
1
1
1
1
2
2
2
1
2
3
3
5
1
2
3
3
5
1
2
5
5
3
677  5
1
1
1
1
1
1
1
2
2
2
1
2
3
3
5
1
2
3
4
5
1
2
5
5
3
678  5
1
1
1
1
1
1
1
2
2
2
1
2
3
4
4
1
2
4
3
3
1
2
4
3
3
679  5
1
1
1
1
1
1
1
2
2
2
1
2
3
4
5
1
2
4
5
3
1
2
5
3
4
680  5
1
1
1
1
1
1
2
1
1
1
1
1
3
1
1
1
1
1
4
1
1
1
1
1
5
681  5
1
1
1
1
1
1
2
1
1
1
1
1
3
1
1
1
1
1
4
1
5
5
5
5
5
682  5
1
1
1
1
1
1
2
1
1
1
1
1
3
1
1
1
1
1
4
4
1
1
1
4
4
683  5
1
1
1
1
1
1
2
1
1
1
1
1
3
1
1
1
1
1
4
4
1
1
1
4
5
684  5
1
1
1
1
1
1
2
1
1
1
1
1
3
1
1
1
1
1
4
4
1
1
1
5
5
685  5
1
1
1
1
1
1
2
1
1
1
1
1
3
1
1
1
1
1
4
5
1
1
1
5
4
686  5
1
1
1
1
1
1
2
1
1
1
1
1
3
1
1
1
1
1
4
5
5
5
5
5
5
687  5
1
1
1
1
1
1
2
1
1
1
1
1
3
1
1
4
4
4
4
4
4
4
4
4
5
688  5
1
1
1
1
1
1
2
1
1
1
1
1
3
1
1
4
4
4
4
4
5
5
5
5
5
689  5
1
1
1
1
1
1
2
1
1
1
1
1
3
1
3
1
1
1
4
4
1
1
3
4
5
690  5
1
1
1
1
1
1
2
1
1
1
1
1
3
1
3
4
4
4
4
4
1
1
3
1
3
691  5
1
1
1
1
1
1
2
1
1
1
1
1
3
1
3
4
4
4
4
4
1
1
3
1
5
692  5
1
1
1
1
1
1
2
1
1
1
1
1
3
1
3
4
4
4
4
4
1
1
3
4
5
693  5
1
1
1
1
1
1
2
1
1
1
1
1
3
1
3
4
4
4
4
4
1
1
5
1
5
694  5
1
1
1
1
1
1
2
1
1
1
1
1
3
1
3
4
4
4
4
4
4
4
5
4
5
695  5
1
1
1
1
1
1
2
1
1
1
1
1
3
1
5
4
4
4
4
4
1
1
3
1
5
696  5
1
1
1
1
1
1
2
1
1
1
1
1
3
1
5
4
4
4
4
4
1
1
5
1
3
697  5
1
1
1
1
1
1
2
1
1
1
1
1
3
1
5
4
4
4
4
4
5
5
5
5
5
698  5
1
1
1
1
1
1
2
1
1
1
1
1
3
3
3
1
1
3
3
3
1
1
3
3
3
699  5
1
1
1
1
1
1
2
1
1
1
1
1
3
3
3
1
1
3
3
3
1
1
3
3
4
700  5
1
1
1
1
1
1
2
1
1
1
1
1
3
3
3
1
1
3
3
3
1
1
3
3
5
701  5
1
1
1
1
1
1
2
1
1
1
1
1
3
3
3
1
1
3
3
3
1
1
3
4
5
702  5
1
1
1
1
1
1
2
1
1
1
1
1
3
3
3
1
1
3
3
3
1
1
5
5
5
703  5
1
1
1
1
1
1
2
1
1
1
1
1
3
3
3
1
1
3
3
4
1
1
3
4
5
704  5
1
1
1
1
1
1
2
1
1
1
1
1
3
3
3
1
1
3
4
3
1
1
3
3
5
705  5
1
1
1
1
1
1
2
1
1
1
1
1
3
3
3
1
1
3
4
3
1
1
5
5
5
706  5
1
1
1
1
1
1
2
1
1
1
1
1
3
3
3
1
1
3
4
4
1
1
3
4
4
707  5
1
1
1
1
1
1
2
1
1
1
1
1
3
3
3
1
1
3
4
4
1
1
3
4
5
708  5
1
1
1
1
1
1
2
1
1
1
1
1
3
3
3
1
1
3
4
4
1
1
3
5
5
709  5
1
1
1
1
1
1
2
1
1
1
1
1
3
3
3
1
1
3
4
5
1
1
3
5
4
710  5
1
1
1
1
1
1
2
1
1
1
1
1
3
3
3
1
1
3
4
5
1
1
5
5
5
711  5
1
1
1
1
1
1
2
1
1
1
1
1
3
3
3
1
1
4
4
4
1
1
5
5
5
712  5
1
1
1
1
1
1
2
1
1
1
1
1
3
3
5
1
1
3
3
5
1
1
5
5
3
713  5
1
1
1
1
1
1
2
1
1
1
1
1
3
3
5
1
1
3
3
5
5
5
5
5
5
714  5
1
1
1
1
1
1
2
1
1
1
1
1
3
3
5
1
1
3
4
5
1
1
5
5
3
715  5
1
1
1
1
1
1
2
1
1
1
1
1
3
3
5
1
1
3
4
5
5
5
5
5
5
716  5
1
1
1
1
1
1
2
1
1
1
1
1
3
3
5
1
1
4
4
5
5
5
5
5
5
717  5
1
1
1
1
1
1
2
1
1
1
1
1
3
4
4
1
1
4
3
3
1
1
4
3
3
718  5
1
1
1
1
1
1
2
1
1
1
1
1
3
4
4
4
4
4
4
4
4
4
4
4
5
719  5
1
1
1
1
1
1
2
1
1
1
1
1
3
4
4
4
4
4
4
4
5
5
5
5
5
720  5
1
1
1
1
1
1
2
1
1
1
1
1
3
4
5
1
1
3
4
5
5
5
5
5
5
721  5
1
1
1
1
1
1
2
1
1
1
1
1
3
4
5
1
1
4
3
5
5
5
5
5
5
722  5
1
1
1
1
1
1
2
1
1
1
1
1
3
4
5
1
1
4
5
3
1
1
5
3
4
723  5
1
1
1
1
1
1
2
1
1
1
1
1
3
4
5
4
4
4
4
4
4
4
5
1
3
724  5
1
1
1
1
1
1
2
1
1
1
1
1
3
4
5
4
4
4
4
4
4
4
5
4
5
725  5
1
1
1
1
1
1
2
1
1
1
1
1
3
4
5
4
4
4
4
4
5
5
5
5
5
726  5
1
1
1
1
1
1
2
1
1
1
3
3
3
3
3
3
3
3
4
3
5
5
5
5
5
727  5
1
1
1
1
1
1
2
1
1
1
3
3
3
3
3
3
3
3
4
4
3
3
3
4
4
728  5
1
1
1
1
1
1
2
1
1
1
3
3
3
3
3
3
3
3
4
4
3
3
3
4
5
729  5
1
1
1
1
1
1
2
1
1
1
3
3
3
3
3
3
3
3
4
4
3
3
3
5
5
730  5
1
1
1
1
1
1
2
1
1
1
3
3
3
3
3
3
3
3
4
5
3
3
3
4
5
731  5
1
1
1
1
1
1
2
1
1
1
3
3
3
3
3
3
3
3
4
5
3
3
3
5
4
732  5
1
1
1
1
1
1
2
1
1
1
3
3
3
3
3
3
3
3
4
5
5
5
5
5
5
733  5
1
1
1
1
1
1
2
1
1
1
3
3
3
3
3
4
4
4
4
4
5
5
5
5
5
734  5
1
1
1
1
1
1
2
1
1
2
1
1
3
1
3
1
1
1
4
4
1
2
3
4
5
735  5
1
1
1
1
1
1
2
1
1
2
1
1
3
1
3
4
4
4
4
4
1
2
3
1
5
736  5
1
1
1
1
1
1
2
1
1
2
1
1
3
1
3
4
4
4
4
4
1
2
3
4
5
737  5
1
1
1
1
1
1
2
1
1
2
1
1
3
3
1
1
1
3
3
1
1
2
1
1
2
738  5
1
1
1
1
1
1
2
1
1
2
1
1
3
3
1
1
1
3
3
1
1
2
1
1
5
739  5
1
1
1
1
1
1
2
1
1
2
1
1
3
3
1
1
1
3
3
1
1
5
1
1
5
740  5
1
1
1
1
1
1
2
1
1
2
1
1
3
3
1
1
1
3
4
1
1
2
1
1
5
741  5
1
1
1
1
1
1
2
1
1
2
1
1
3
3
1
1
1
3
4
1
1
5
1
1
5
742  5
1
1
1
1
1
1
2
1
1
2
1
1
3
3
1
1
1
4
4
1
1
5
1
1
5
743  5
1
1
1
1
1
1
2
1
1
2
1
1
3
3
3
1
1
3
3
3
1
2
3
3
5
744  5
1
1
1
1
1
1
2
1
1
2
1
1
3
3
3
1
1
3
3
3
1
2
3
4
5
745  5
1
1
1
1
1
1
2
1
1
2
1
1
3
3
3
1
1
3
3
4
1
2
3
4
5
746  5
1
1
1
1
1
1
2
1
1
2
1
1
3
3
3
1
1
3
4
3
1
2
3
3
5
747  5
1
1
1
1
1
1
2
1
1
2
1
1
3
3
3
1
1
3
4
4
1
2
3
4
5
748  5
1
1
1
1
1
1
2
1
1
2
1
1
3
3
3
1
1
4
4
4
1
2
3
3
5
749  5
1
1
1
1
1
1
2
1
1
2
1
1
3
3
3
1
1
4
4
4
1
2
3
4
5
750  5
1
1
1
1
1
1
2
1
1
2
1
1
3
4
1
1
1
3
4
1
1
5
1
1
5
751  5
1
1
1
1
1
1
2
1
1
2
1
1
3
4
1
1
1
4
3
1
1
2
1
1
2
752  5
1
1
1
1
1
1
2
1
1
2
1
1
3
4
1
1
1
4
3
1
1
2
1
1
5
753  5
1
1
1
1
1
1
2
1
1
2
1
1
3
4
1
1
1
4
3
1
1
5
1
1
5
754  5
1
1
1
1
1
1
2
1
1
2
1
1
3
4
1
4
4
4
4
4
1
2
1
1
2
755  5
1
1
1
1
1
1
2
1
1
2
1
1
3
4
1
4
4
4
4
4
1
2
1
1
5
756  5
1
1
1
1
1
1
2
1
1
2
1
1
3
4
1
4
4
4
4
4
1
5
1
1
5
757  5
1
1
1
1
1
1
2
1
1
2
1
1
3
4
3
1
1
4
3
4
1
2
3
4
5
758  5
1
1
1
1
1
1
2
1
1
2
1
1
3
4
3
4
4
4
4
4
1
2
3
4
5
759  5
1
1
1
1
1
1
2
1
1
2
1
1
3
4
4
4
4
4
4
4
4
5
4
4
5
760  5
1
1
1
1
1
1
2
1
1
2
3
3
3
3
3
3
3
3
4
4
1
2
3
4
5
761  5
1
1
1
1
1
1
2
1
1
2
3
3
3
3
3
4
4
4
4
4
1
2
1
1
2
762  5
1
1
1
1
1
1
2
1
1
2
3
3
3
3
3
4
4
4
4
4
1
2
1
1
5
763  5
1
1
1
1
1
1
2
1
1
2
3
3
3
3
3
4
4
4
4
4
1
2
1
3
2
764  5
1
1
1
1
1
1
2
1
1
2
3
3
3
3
3
4
4
4
4
4
1
2
1
4
5
765  5
1
1
1
1
1
1
2
1
1
2
3
3
3
3
3
4
4
4
4
4
1
2
3
3
5
766  5
1
1
1
1
1
1
2
1
1
2
3
3
3
3
3
4
4
4
4
4
1
2
3
4
5
767  5
1
1
1
1
1
1
2
1
1
2
3
3
3
3
3
4
4
4
4
4
1
5
1
1
5
768  5
1
1
1
1
1
1
2
1
1
2
3
3
3
3
3
4
4
4
4
4
3
5
3
3
5
769  5
1
1
1
1
1
1
2
1
1
5
1
1
3
4
1
1
1
3
4
1
5
5
5
5
5
770  5
1
1
1
1
1
1
2
1
1
5
1
1
3
4
1
1
1
4
3
1
1
5
1
1
2
771  5
1
1
1
1
1
1
2
1
1
5
1
1
3
4
1
1
1
4
3
1
5
5
5
5
5
772  5
1
1
1
1
1
1
2
1
1
5
1
1
3
4
1
4
4
4
4
4
5
5
5
5
5
773  5
1
1
1
1
1
1
2
1
1
5
3
3
3
3
3
4
4
4
4
4
1
2
1
1
5
774  5
1
1
1
1
1
1
2
1
1
5
3
3
3
3
3
4
4
4
4
4
1
5
1
1
2
775  5
1
1
1
1
1
1
2
1
1
5
3
3
3
3
3
4
4
4
4
4
5
5
5
5
5
776  5
1
1
1
1
1
1
2
1
2
2
1
1
3
3
3
1
2
3
4
4
1
2
3
4
4
777  5
1
1
1
1
1
1
2
1
2
2
1
1
3
3
3
1
2
3
4
4
1
2
3
4
5
778  5
1
1
1
1
1
1
2
1
2
2
1
1
3
3
3
1
2
3
4
4
1
2
3
5
5
779  5
1
1
1
1
1
1
2
1
2
2
1
1
3
3
3
1
2
3
4
5
1
2
3
5
4
780  5
1
1
1
1
1
1
2
1
2
2
3
3
3
3
3
1
2
1
2
2
1
2
1
2
2
781  5
1
1
1
1
1
1
2
1
2
2
3
3
3
3
3
1
2
1
2
2
1
2
1
2
4
782  5
1
1
1
1
1
1
2
1
2
2
3
3
3
3
3
1
2
1
2
2
1
2
1
2
5
783  5
1
1
1
1
1
1
2
1
2
2
3
3
3
3
3
1
2
1
2
2
1
2
1
4
5
784  5
1
1
1
1
1
1
2
1
2
2
3
3
3
3
3
1
2
1
2
2
1
2
3
2
5
785  5
1
1
1
1
1
1
2
1
2
2
3
3
3
3
3
1
2
1
2
2
1
2
3
4
5
786  5
1
1
1
1
1
1
2
1
2
2
3
3
3
3
3
1
2
1
2
2
1
5
1
5
5
787  5
1
1
1
1
1
1
2
1
2
2
3
3
3
3
3
1
2
1
2
2
3
5
3
5
5
788  5
1
1
1
1
1
1
2
1
2
2
3
3
3
3
3
1
2
1
2
4
1
2
1
2
5
789  5
1
1
1
1
1
1
2
1
2
2
3
3
3
3
3
1
2
1
2
4
1
2
1
4
5
790  5
1
1
1
1
1
1
2
1
2
2
3
3
3
3
3
1
2
1
2
4
1
2
3
2
5
791  5
1
1
1
1
1
1
2
1
2
2
3
3
3
3
3
1
2
1
2
4
1
2
3
4
5
792  5
1
1
1
1
1
1
2
1
2
2
3
3
3
3
3
1
2
1
4
2
1
2
1
2
5
793  5
1
1
1
1
1
1
2
1
2
2
3
3
3
3
3
1
2
1
4
2
1
2
3
2
5
794  5
1
1
1
1
1
1
2
1
2
2
3
3
3
3
3
1
2
1
4
2
1
5
1
5
5
795  5
1
1
1
1
1
1
2
1
2
2
3
3
3
3
3
1
2
1
4
2
3
5
3
5
5
796  5
1
1
1
1
1
1
2
1
2
2
3
3
3
3
3
1
2
1
4
4
1
2
1
4
4
797  5
1
1
1
1
1
1
2
1
2
2
3
3
3
3
3
1
2
1
4
4
1
2
1
4
5
798  5
1
1
1
1
1
1
2
1
2
2
3
3
3
3
3
1
2
1
4
4
1
2
1
5
5
799  5
1
1
1
1
1
1
2
1
2
2
3
3
3
3
3
1
2
1
4
4
1
2
3
4
5
800  5
1
1
1
1
1
1
2
1
2
2
3
3
3
3
3
1
2
1
4
5
1
2
1
4
5
801  5
1
1
1
1
1
1
2
1
2
2
3
3
3
3
3
1
2
1
4
5
1
2
1
5
4
802  5
1
1
1
1
1
1
2
1
2
2
3
3
3
3
3
1
2
1
4
5
1
5
1
5
5
803  5
1
1
1
1
1
1
2
1
2
2
3
3
3
3
3
1
2
3
4
2
1
5
1
5
5
804  5
1
1
1
1
1
1
2
1
2
2
3
3
3
3
3
1
2
3
4
4
1
2
3
4
4
805  5
1
1
1
1
1
1
2
1
2
2
3
3
3
3
3
1
2
3
4
4
1
2
3
4
5
806  5
1
1
1
1
1
1
2
1
2
2
3
3
3
3
3
1
2
3
4
4
1
2
3
5
5
807  5
1
1
1
1
1
1
2
1
2
2
3
3
3
3
3
1
2
3
4
5
1
2
3
4
5
808  5
1
1
1
1
1
1
2
1
2
2
3
3
3
3
3
1
2
3
4
5
1
2
3
5
4
809  5
1
1
1
1
1
1
2
1
2
2
3
3
3
3
3
1
2
3
4
5
1
5
1
5
5
810  5
1
1
1
1
1
1
2
1
2
2
3
3
3
3
3
1
2
3
4
5
3
5
3
5
5
811  5
1
1
1
1
1
1
2
1
2
2
3
3
3
3
3
1
4
1
4
4
1
5
1
5
5
812  5
1
1
1
1
1
1
2
1
2
2
3
3
3
3
3
1
4
1
4
4
3
5
3
5
5
813  5
1
1
1
1
1
1
2
1
2
5
3
3
3
3
3
1
2
1
2
5
1
2
1
2
5
814  5
1
1
1
1
1
1
2
1
2
5
3
3
3
3
3
1
2
1
2
5
1
5
1
5
2
815  5
1
1
1
1
1
1
2
1
2
5
3
3
3
3
3
1
2
1
2
5
5
5
5
5
5
816  5
1
1
1
1
1
1
2
1
2
5
3
3
3
3
3
1
2
1
4
5
1
2
1
2
5
817  5
1
1
1
1
1
1
2
1
2
5
3
3
3
3
3
1
2
1
4
5
1
2
1
5
5
818  5
1
1
1
1
1
1
2
1
2
5
3
3
3
3
3
1
2
1
4
5
1
5
1
5
2
819  5
1
1
1
1
1
1
2
1
2
5
3
3
3
3
3
1
2
1
4
5
5
5
5
5
5
820  5
1
1
1
1
1
1
2
1
2
5
3
3
3
3
3
1
2
3
4
5
1
2
1
2
5
821  5
1
1
1
1
1
1
2
1
2
5
3
3
3
3
3
1
2
3
4
5
1
2
1
5
5
822  5
1
1
1
1
1
1
2
1
2
5
3
3
3
3
3
1
2
3
4
5
1
5
1
5
2
823  5
1
1
1
1
1
1
2
1
2
5
3
3
3
3
3
1
2
3
4
5
5
5
5
5
5
824  5
1
1
1
1
1
1
2
1
2
5
3
3
3
3
3
1
4
1
4
5
5
5
5
5
5
825  5
1
1
1
1
1
1
2
1
2
5
3
3
3
3
3
3
4
3
4
5
5
5
5
5
5
826  5
1
1
1
1
1
1
2
1
4
4
3
3
3
3
3
1
4
1
2
2
1
4
1
2
2
827  5
1
1
1
1
1
1
2
1
4
4
3
3
3
3
3
4
4
4
4
4
5
5
5
5
5
828  5
1
1
1
1
1
1
2
1
4
5
3
3
3
3
3
1
2
1
4
5
1
2
1
4
5
829  5
1
1
1
1
1
1
2
1
4
5
3
3
3
3
3
1
2
1
4
5
5
5
5
5
5
830  5
1
1
1
1
1
1
2
1
4
5
3
3
3
3
3
1
2
5
4
5
5
5
5
5
5
831  5
1
1
1
1
1
1
2
1
4
5
3
3
3
3
3
1
4
1
2
5
5
5
5
5
5
832  5
1
1
1
1
1
1
2
1
4
5
3
3
3
3
3
1
4
1
5
2
1
5
1
2
4
833  5
1
1
1
1
1
1
2
1
4
5
3
3
3
3
3
4
4
4
4
4
4
5
4
1
2
834  5
1
1
1
1
1
1
2
1
4
5
3
3
3
3
3
4
4
4
4
4
5
5
5
5
5
835  5
1
1
1
1
1
1
2
2
2
2
1
2
2
2
2
1
2
2
2
2
1
2
2
2
2
836  5
1
1
1
1
1
1
2
2
2
2
1
2
2
2
2
1
2
2
2
2
1
2
2
2
3
837  5
1
1
1
1
1
1
2
2
2
2
1
2
2
2
2
1
2
2
2
2
1
2
2
2
5
838  5
1
1
1
1
1
1
2
2
2
2
1
2
2
2
2
1
2
2
2
2
1
2
2
3
2
839  5
1
1
1
1
1
1
2
2
2
2
1
2
2
2
2
1
2
2
2
2
1
2
2
3
3
840  5
1
1
1
1
1
1
2
2
2
2
1
2
2
2
2
1
2
2
2
2
1
2
2
4
5
841  5
1
1
1
1
1
1
2
2
2
2
1
2
2
2
2
1
2
2
2
2
1
2
3
3
5
842  5
1
1
1
1
1
1
2
2
2
2
1
2
2
2
2
1
2
2
2
2
1
2
3
4
5
843  5
1
1
1
1
1
1
2
2
2
2
1
2
2
2
2
1
2
2
2
2
1
5
5
5
5
844  5
1
1
1
1
1
1
2
2
2
2
1
2
2
2
2
1
2
2
2
3
1
2
2
3
2
845  5
1
1
1
1
1
1
2
2
2
2
1
2
2
2
2
1
2
2
2
3
1
2
2
3
3
846  5
1
1
1
1
1
1
2
2
2
2
1
2
2
2
2
1
2
2
2
3
1
2
2
3
4
847  5
1
1
1
1
1
1
2
2
2
2
1
2
2
2
2
1
2
2
2
4
1
2
2
4
5
848  5
1
1
1
1
1
1
2
2
2
2
1
2
2
2
2
1
2
2
2
4
1
2
3
2
5
849  5
1
1
1
1
1
1
2
2
2
2
1
2
2
2
2
1
2
2
2
4
1
2
3
4
5
850  5
1
1
1
1
1
1
2
2
2
2
1
2
2
2
2
1
2
2
3
2
1
2
2
2
3
851  5
1
1
1
1
1
1
2
2
2
2
1
2
2
2
2
1
2
2
3
2
1
2
2
2
5
852  5
1
1
1
1
1
1
2
2
2
2
1
2
2
2
2
1
2
2
3
2
1
2
2
3
3
853  5
1
1
1
1
1
1
2
2
2
2
1
2
2
2
2
1
2
2
3
2
1
5
5
5
5
854  5
1
1
1
1
1
1
2
2
2
2
1
2
2
2
2
1
2
2
3
3
1
2
2
3
3
855  5
1
1
1
1
1
1
2
2
2
2
1
2
2
2
2
1
2
2
4
2
1
2
2
2
5
856  5
1
1
1
1
1
1
2
2
2
2
1
2
2
2
2
1
2
2
4
2
1
2
3
2
5
857  5
1
1
1
1
1
1
2
2
2
2
1
2
2
2
2
1
2
2
4
2
1
5
5
5
5
858  5
1
1
1
1
1
1
2
2
2
2
1
2
2
2
2
1
2
2
4
4
1
2
2
4
4
859  5
1
1
1
1
1
1
2
2
2
2
1
2
2
2
2
1
2
2
4
4
1
2
2
4
5
860  5
1
1
1
1
1
1
2
2
2
2
1
2
2
2
2
1
2
2
4
4
1
2
2
5
5
861  5
1
1
1
1
1
1
2
2
2
2
1
2
2
2
2
1
2
2
4
4
1
2
3
4
5
862  5
1
1
1
1
1
1
2
2
2
2
1
2
2
2
2
1
2
2
4
5
1
2
2
5
4
863  5
1
1
1
1
1
1
2
2
2
2
1
2
2
2
2
1
2
2
4
5
1
5
5
5
5
864  5
1
1
1
1
1
1
2
2
2
2
1
2
2
2
2
1
2
3
4
2
1
5
5
5
5
865  5
1
1
1
1
1
1
2
2
2
2
1
2
2
2
2
1
2
3
4
4
1
2
3
4
4
866  5
1
1
1
1
1
1
2
2
2
2
1
2
2
2
2
1
2
3
4
4
1
2
3
4
5
867  5
1
1
1
1
1
1
2
2
2
2
1
2
2
2
2
1
2
3
4
4
1
2
3
5
5
868  5
1
1
1
1
1
1
2
2
2
2
1
2
2
2
2
1
2
3
4
5
1
2
3
4
5
869  5
1
1
1
1
1
1
2
2
2
2
1
2
2
2
2
1
2
3
4
5
1
2
3
5
4
870  5
1
1
1
1
1
1
2
2
2
2
1
2
2
2
2
1
2
3
4
5
1
5
5
5
5
871  5
1
1
1
1
1
1
2
2
2
2
1
2
2
2
2
1
4
4
4
4
1
4
4
4
4
872  5
1
1
1
1
1
1
2
2
2
2
1
2
2
2
2
1
4
4
4
4
1
4
4
4
5
873  5
1
1
1
1
1
1
2
2
2
2
1
2
2
2
2
1
4
4
4
4
1
5
5
5
5
874  5
1
1
1
1
1
1
2
2
2
2
1
2
2
2
3
1
2
2
2
3
1
2
3
3
5
875  5
1
1
1
1
1
1
2
2
2
2
1
2
2
2
3
1
2
2
2
3
1
2
3
4
5
876  5
1
1
1
1
1
1
2
2
2
2
1
2
2
2
3
1
2
2
2
4
1
2
3
4
5
877  5
1
1
1
1
1
1
2
2
2
2
1
2
2
2
3
1
2
2
3
4
1
2
3
4
5
878  5
1
1
1
1
1
1
2
2
2
2
1
2
2
2
3
1
2
2
4
2
1
2
3
2
5
879  5
1
1
1
1
1
1
2
2
2
2
1
2
2
2
3
1
2
2
4
4
1
2
3
4
5
880  5
1
1
1
1
1
1
2
2
2
2
1
2
2
2
3
1
2
3
4
2
1
2
2
2
5
881  5
1
1
1
1
1
1
2
2
2
2
1
2
2
2
3
1
2
3
4
3
1
2
2
2
5
882  5
1
1
1
1
1
1
2
2
2
2
1
2
2
2
3
1
2
3
4
4
1
2
3
4
5
883  5
1
1
1
1
1
1
2
2
2
2
1
2
2
2
3
1
4
4
4
4
1
2
2
2
5
884  5
1
1
1
1
1
1
2
2
2
2
1
2
2
2
3
1
4
4
4
4
1
2
2
4
5
885  5
1
1
1
1
1
1
2
2
2
2
1
2
2
2
3
1
4
4
4
4
1
2
3
2
5
886  5
1
1
1
1
1
1
2
2
2
2
1
2
2
2
3
1
4
4
4
4
1
2
3
4
5
887  5
1
1
1
1
1
1
2
2
2
2
1
2
2
2
3
1
4
4
4
4
1
4
4
4
5
888  5
1
1
1
1
1
1
2
2
2
2
1
2
2
2
4
1
4
4
4
4
1
5
5
5
5
889  5
1
1
1
1
1
1
2
2
2
2
1
2
2
3
3
1
2
3
4
4
1
2
3
4
4
890  5
1
1
1
1
1
1
2
2
2
2
1
2
2
3
3
1
2
3
4
4
1
2
3
4
5
891  5
1
1
1
1
1
1
2
2
2
2
1
2
2
3
3
1
2
3
4
4
1
2
3
5
5
892  5
1
1
1
1
1
1
2
2
2
2
1
2
2
3
3
1
2
3
4
5
1
2
3
5
4
893  5
1
1
1
1
1
1
2
2
2
2
1
2
3
2
2
1
2
2
4
2
1
2
2
2
5
894  5
1
1
1
1
1
1
2
2
2
2
1
2
3
2
2
1
2
2
4
2
1
5
5
5
5
895  5
1
1
1
1
1
1
2
2
2
2
1
2
3
2
2
1
2
2
4
4
1
2
2
4
4
896  5
1
1
1
1
1
1
2
2
2
2
1
2
3
2
2
1
2
2
4
4
1
2
2
4
5
897  5
1
1
1
1
1
1
2
2
2
2
1
2
3
2
2
1
2
2
4
4
1
2
2
5
5
898  5
1
1
1
1
1
1
2
2
2
2
1
2
3
2
2
1
2
2
4
5
1
2
2
5
4
899  5
1
1
1
1
1
1
2
2
2
2
1
2
3
2
2
1
2
2
4
5
1
5
5
5
5
900  5
1
1
1
1
1
1
2
2
2
2
1
2
3
2
2
1
4
4
4
4
1
4
4
4
5
901  5
1
1
1
1
1
1
2
2
2
2
1
2
3
2
2
1
4
4
4
4
1
5
5
5
5
902  5
1
1
1
1
1
1
2
2
2
2
1
2
3
2
3
1
2
2
4
4
1
2
3
4
5
903  5
1
1
1
1
1
1
2
2
2
2
1
2
3
2
3
1
4
4
4
4
1
2
3
2
3
904  5
1
1
1
1
1
1
2
2
2
2
1
2
3
2
3
1
4
4
4
4
1
2
3
2
5
905  5
1
1
1
1
1
1
2
2
2
2
1
2
3
2
3
1
4
4
4
4
1
2
3
4
5
906  5
1
1
1
1
1
1
2
2
2
2
1
2
3
2
3
1
4
4
4
4
1
2
5
2
5
907  5
1
1
1
1
1
1
2
2
2
2
1
2
3
2
3
1
4
4
4
4
1
4
5
4
5
908  5
1
1
1
1
1
1
2
2
2
2
1
2
3
2
5
1
4
4
4
4
1
2
3
2
5
909  5
1
1
1
1
1
1
2
2
2
2
1
2
3
2
5
1
4
4
4
4
1
2
5
2
3
910  5
1
1
1
1
1
1
2
2
2
2
1
2
3
2
5
1
4
4
4
4
1
5
5
5
5
911  5
1
1
1
1
1
1
2
2
2
2
1
2
3
3
3
1
2
3
3
3
1
2
3
3
3
912  5
1
1
1
1
1
1
2
2
2
2
1
2
3
3
3
1
2
3
3
3
1
2
3
3
4
913  5
1
1
1
1
1
1
2
2
2
2
1
2
3
3
3
1
2
3
3
3
1
2
3
3
5
914  5
1
1
1
1
1
1
2
2
2
2
1
2
3
3
3
1
2
3
3
3
1
2
3
4
5
915  5
1
1
1
1
1
1
2
2
2
2
1
2
3
3
3
1
2
3
3
3
1
2
5
5
5
916  5
1
1
1
1
1
1
2
2
2
2
1
2
3
3
3
1
2
3
3
4
1
2
3
4
5
917  5
1
1
1
1
1
1
2
2
2
2
1
2
3
3
3
1
2
3
4
3
1
2
3
3
5
918  5
1
1
1
1
1
1
2
2
2
2
1
2
3
3
3
1
2
3
4
3
1
2
5
5
5
919  5
1
1
1
1
1
1
2
2
2
2
1
2
3
3
3
1
2
3
4
4
1
2
3
4
4
920  5
1
1
1
1
1
1
2
2
2
2
1
2
3
3
3
1
2
3
4
4
1
2
3
4
5
921  5
1
1
1
1
1
1
2
2
2
2
1
2
3
3
3
1
2
3
4
4
1
2
3
5
5
922  5
1
1
1
1
1
1
2
2
2
2
1
2
3
3
3
1
2
3
4
5
1
2
3
5
4
923  5
1
1
1
1
1
1
2
2
2
2
1
2
3
3
3
1
2
3
4
5
1
2
5
5
5
924  5
1
1
1
1
1
1
2
2
2
2
1
2
3
3
3
1
2
4
4
4
1
2
5
5
5
925  5
1
1
1
1
1
1
2
2
2
2
1
2
3
3
5
1
2
3
3
5
1
2
5
5
3
926  5
1
1
1
1
1
1
2
2
2
2
1
2
3
3
5
1
2
3
3
5
1
5
5
5
5
927  5
1
1
1
1
1
1
2
2
2
2
1
2
3
3
5
1
2
3
4
5
1
2
5
5
3
928  5
1
1
1
1
1
1
2
2
2
2
1
2
3
3
5
1
2
3
4
5
1
5
5
5
5
929  5
1
1
1
1
1
1
2
2
2
2
1
2
3
3
5
1
2
4
4
5
1
5
5
5
5
930  5
1
1
1
1
1
1
2
2
2
2
1
2
3
4
4
1
2
4
3
3
1
2
4
3
3
931  5
1
1
1
1
1
1
2
2
2
2
1
2
3
4
5
1
2
3
4
5
1
5
5
5
5
932  5
1
1
1
1
1
1
2
2
2
2
1
2
3
4
5
1
2
4
3
5
1
5
5
5
5
933  5
1
1
1
1
1
1
2
2
2
2
1
2
3
4
5
1
2
4
5
3
1
2
5
3
4
934  5
1
1
1
1
1
1
2
2
2
2
1
2
3
4
5
1
4
4
4
4
1
4
5
2
3
935  5
1
1
1
1
1
1
2
2
2
2
1
2
3
4
5
1
4
4
4
4
1
5
5
5
5
936  5
1
1
1
1
1
1
2
2
2
2
1
3
3
3
3
1
4
4
4
4
1
5
5
5
5
937  5
1
1
1
1
1
1
2
2
2
5
1
2
2
2
5
1
2
2
2
5
1
5
5
5
2
938  5
1
1
1
1
1
1
2
2
2
5
1
2
2
2
5
1
2
2
2
5
5
5
5
5
5
939  5
1
1
1
1
1
1
2
2
2
5
1
2
2
2
5
1
2
2
3
5
1
5
5
5
2
940  5
1
1
1
1
1
1
2
2
2
5
1
2
2
2
5
1
2
2
3
5
5
5
5
5
5
941  5
1
1
1
1
1
1
2
2
2
5
1
2
2
2
5
1
2
2
4
5
1
5
5
5
2
942  5
1
1
1
1
1
1
2
2
2
5
1
2
2
2
5
1
2
2
4
5
5
5
5
5
5
943  5
1
1
1
1
1
1
2
2
2
5
1
2
2
2
5
1
2
3
4
5
1
5
5
5
2
944  5
1
1
1
1
1
1
2
2
2
5
1
2
2
2
5
1
2
3
4
5
5
5
5
5
5
945  5
1
1
1
1
1
1
2
2
2
5
1
2
2
2
5
1
4
4
4
5
5
5
5
5
5
946  5
1
1
1
1
1
1
2
2
2
5
1
2
2
3
5
1
2
2
4
5
5
5
5
5
5
947  5
1
1
1
1
1
1
2
2
2
5
1
2
2
3
5
1
2
3
4
5
1
5
5
5
2
948  5
1
1
1
1
1
1
2
2
2
5
1
2
2
3
5
1
2
3
4
5
5
5
5
5
5
949  5
1
1
1
1
1
1
2
2
2
5
1
2
3
2
5
1
2
2
4
5
1
5
5
5
2
950  5
1
1
1
1
1
1
2
2
2
5
1
2
3
2
5
1
2
2
4
5
5
5
5
5
5
951  5
1
1
1
1
1
1
2
2
2
5
1
2
3
2
5
1
4
4
4
5
5
5
5
5
5
952  5
1
1
1
1
1
1
2
2
2
5
1
2
3
3
5
1
2
3
3
5
1
5
5
5
2
953  5
1
1
1
1
1
1
2
2
2
5
1
2
3
3
5
1
2
3
3
5
5
5
5
5
5
954  5
1
1
1
1
1
1
2
2
2
5
1
2
3
3
5
1
2
3
4
5
1
5
5
5
2
955  5
1
1
1
1
1
1
2
2
2
5
1
2
3
3
5
1
2
3
4
5
5
5
5
5
5
956  5
1
1
1
1
1
1
2
2
2
5
1
2
3
3
5
1
2
4
4
5
1
5
5
5
2
957  5
1
1
1
1
1
1
2
2
2
5
1
2
3
3
5
1
2
4
4
5
5
5
5
5
5
958  5
1
1
1
1
1
1
2
2
2
5
1
2
3
4
5
1
2
3
4
5
5
5
5
5
5
959  5
1
1
1
1
1
1
2
2
2
5
1
2
3
4
5
1
2
4
3
5
1
5
5
5
2
960  5
1
1
1
1
1
1
2
2
2
5
1
2
3
4
5
1
2
4
3
5
5
5
5
5
5
961  5
1
1
1
1
1
1
2
2
2
5
1
2
3
4
5
1
4
4
4
5
5
5
5
5
5
962  5
1
1
1
1
1
1
2
2
2
5
1
3
3
3
5
1
4
4
4
5
5
5
5
5
5
963  5
1
1
1
1
1
1
2
2
4
4
1
2
2
4
4
1
4
4
2
2
1
4
4
2
2
964  5
1
1
1
1
1
1
2
2
4
4
1
2
2
4
4
1
4
4
2
2
1
4
4
2
3
965  5
1
1
1
1
1
1
2
2
4
4
1
2
3
4
4
1
4
4
2
2
1
4
4
2
2
966  5
1
1
1
1
1
1
2
2
4
4
1
2
3
4
4
1
4
4
2
2
1
4
5
2
2
967  5
1
1
1
1
1
1
2
2
4
4
1
2
3
4
5
1
4
4
2
2
1
4
5
2
2
968  5
1
1
1
1
1
1
2
2
4
4
1
2
3
4
5
1
4
4
2
2
1
4
5
2
3
969  5
1
1
1
1
1
1
2
2
4
4
1
3
3
5
5
1
2
2
4
4
1
3
3
5
5
970  5
1
1
1
1
1
1
2
2
4
4
1
3
3
5
5
1
4
4
2
2
1
5
5
3
3
971  5
1
1
1
1
1
1
2
2
4
5
1
2
2
4
5
1
2
2
4
5
5
5
5
5
5
972  5
1
1
1
1
1
1
2
2
4
5
1
2
2
4
5
1
4
4
2
5
5
5
5
5
5
973  5
1
1
1
1
1
1
2
2
4
5
1
2
2
4
5
1
4
4
5
2
1
5
5
2
4
974  5
1
1
1
1
1
1
2
2
4
5
1
2
2
4
5
4
4
4
4
4
4
5
5
1
2
975  5
1
1
1
1
1
1
2
2
4
5
1
2
2
4
5
4
4
4
4
4
5
5
5
5
5
976  5
1
1
1
1
1
1
2
2
4
5
1
2
3
4
5
1
2
2
4
5
5
5
5
5
5
977  5
1
1
1
1
1
1
2
2
4
5
1
2
3
4
5
1
2
4
4
5
5
5
5
5
5
978  5
1
1
1
1
1
1
2
2
4
5
1
2
3
4
5
1
4
4
2
5
5
5
5
5
5
979  5
1
1
1
1
1
1
2
2
4
5
1
2
3
4
5
1
4
4
5
2
1
5
5
2
4
980  5
1
1
1
1
1
1
2
2
4
5
1
2
3
4
5
4
4
4
4
4
4
5
5
1
2
981  5
1
1
1
1
1
1
2
2
4
5
1
2
3
4
5
4
4
4
4
4
5
5
5
5
5
982  5
1
1
1
1
1
1
2
2
4
5
1
3
3
4
5
4
4
4
4
4
5
5
5
5
5
983  5
1
1
1
1
1
1
2
3
3
3
1
3
2
2
2
1
3
2
2
2
1
3
2
2
2
984  5
1
1
1
1
1
1
2
3
3
5
1
3
2
2
5
1
3
2
2
5
5
5
5
5
5
985  5
1
1
1
1
1
1
2
3
3
5
1
3
5
5
2
1
3
5
5
2
1
5
2
2
3
986  5
1
1
1
1
1
1
2
3
3
5
5
3
2
2
1
5
3
2
2
1
5
5
5
5
5
987  5
1
1
1
1
1
1
2
3
4
5
1
2
3
4
5
1
2
3
4
5
5
5
5
5
5
988  5
1
1
1
1
1
1
2
3
4
5
1
2
3
4
5
4
4
4
4
4
5
5
5
5
5
989  5
1
1
1
1
1
1
2
3
4
5
1
3
2
4
5
4
4
4
4
4
5
5
5
5
5
990  5
1
1
1
1
1
1
2
3
4
5
1
3
2
5
4
1
4
5
2
3
1
5
4
3
2
991  5
1
1
1
1
1
1
2
3
4
5
1
3
2
5
4
1
4
5
3
2
1
5
4
2
3
992  5
1
1
1
1
1
1
2
3
4
5
1
3
2
5
4
4
4
4
4
4
5
5
5
5
5
993  5
1
1
1
1
1
1
2
3
4
5
1
3
4
2
5
1
4
2
3
5
5
5
5
5
5
994  5
1
1
1
1
1
1
2
3
4
5
3
3
3
3
3
4
4
4
4
4
5
5
5
5
5
995  5
1
1
1
1
1
2
2
2
2
2
3
3
3
3
3
4
4
4
4
4
5
5
5
5
5
996  5
1
1
1
1
5
1
1
1
1
5
1
1
1
1
5
1
1
1
1
5
5
5
5
5
1
997  5
1
1
1
1
5
1
1
1
1
5
1
1
1
1
5
1
1
1
2
5
5
5
5
5
1
998  5
1
1
1
1
5
1
1
1
1
5
1
1
1
1
5
1
1
1
4
5
5
5
5
5
1
999  5
1
1
1
1
5
1
1
1
1
5
1
1
1
1
5
1
1
2
1
5
5
5
5
5
1
1000  5
1
1
1
1
5
1
1
1
1
5
1
1
1
1
5
1
1
2
2
5
5
5
5
5
1
1001  5
1
1
1
1
5
1
1
1
1
5
1
1
1
1
5
1
1
3
4
5
5
5
5
5
1
1002  5
1
1
1
1
5
1
1
1
1
5
1
1
1
1
5
1
2
2
4
5
5
5
5
5
1
1003  5
1
1
1
1
5
1
1
1
1
5
1
1
1
1
5
1
2
3
4
5
5
5
5
5
1
1004  5
1
1
1
1
5
1
1
1
1
5
1
1
1
2
5
1
1
2
1
5
5
5
5
5
1
1005  5
1
1
1
1
5
1
1
1
1
5
1
1
1
2
5
1
1
2
2
5
5
5
5
5
1
1006  5
1
1
1
1
5
1
1
1
1
5
1
1
1
2
5
1
1
2
3
5
5
5
5
5
1
1007  5
1
1
1
1
5
1
1
1
1
5
1
1
1
3
5
1
1
3
4
5
5
5
5
5
1
1008  5
1
1
1
1
5
1
1
1
1
5
1
1
1
3
5
1
2
1
4
5
5
5
5
5
1
1009  5
1
1
1
1
5
1
1
1
1
5
1
1
1
3
5
1
2
3
4
5
5
5
5
5
1
1010  5
1
1
1
1
5
1
1
1
1
5
1
1
2
1
5
1
1
1
2
5
5
5
5
5
1
1011  5
1
1
1
1
5
1
1
1
1
5
1
1
2
1
5
1
1
1
4
5
5
5
5
5
1
1012  5
1
1
1
1
5
1
1
1
1
5
1
1
2
1
5
1
1
2
2
5
5
5
5
5
1
1013  5
1
1
1
1
5
1
1
1
1
5
1
1
2
2
5
1
1
2
2
5
5
5
5
5
1
1014  5
1
1
1
1
5
1
1
1
1
5
1
1
3
1
5
1
1
1
4
5
5
5
5
5
1
1015  5
1
1
1
1
5
1
1
1
1
5
1
1
3
1
5
1
2
1
4
5
5
5
5
5
1
1016  5
1
1
1
1
5
1
1
1
1
5
1
1
3
3
5
1
1
3
3
5
5
5
5
5
1
1017  5
1
1
1
1
5
1
1
1
1
5
1
1
3
3
5
1
1
3
4
5
5
5
5
5
1
1018  5
1
1
1
1
5
1
1
1
1
5
1
1
3
3
5
1
1
4
4
5
5
5
5
5
1
1019  5
1
1
1
1
5
1
1
1
1
5
1
1
3
3
5
1
2
3
4
5
5
5
5
5
1
1020  5
1
1
1
1
5
1
1
1
1
5
1
1
3
4
5
1
1
4
3
5
5
5
5
5
1
1021  5
1
1
1
1
5
1
1
1
1
5
1
2
3
3
5
1
2
3
3
5
5
5
5
5
1
1022  5
1
1
1
1
5
1
1
1
1
5
1
2
3
3
5
1
2
3
4
5
5
5
5
5
1
1023  5
1
1
1
1
5
1
1
1
1
5
1
2
3
3
5
1
2
4
4
5
5
5
5
5
1
1024  5
1
1
1
1
5
1
1
1
1
5
1
2
3
4
5
1
2
3
4
5
5
5
5
5
1
1025  5
1
1
1
1
5
1
1
1
1
5
1
2
3
4
5
1
2
4
3
5
5
5
5
5
1
1026  5
1
1
1
1
5
1
1
1
2
5
1
1
1
2
5
1
2
2
4
5
5
5
5
5
1
1027  5
1
1
1
1
5
1
1
1
2
5
1
1
1
2
5
1
2
3
4
5
5
5
5
5
1
1028  5
1
1
1
1
5
1
1
1
2
5
1
1
1
3
5
1
2
3
4
5
5
5
5
5
1
1029  5
1
1
1
1
5
1
1
1
2
5
1
1
2
3
5
1
2
3
4
5
5
5
5
5
1
1030  5
1
1
1
1
5
1
1
1
2
5
1
1
3
1
5
1
2
1
4
5
5
5
5
5
1
1031  5
1
1
1
1
5
1
1
1
2
5
1
1
3
3
5
1
2
3
4
5
5
5
5
5
1
1032  5
1
1
1
1
5
1
1
1
2
5
1
2
3
1
5
1
1
1
4
5
5
5
5
5
1
1033  5
1
1
1
1
5
1
1
1
2
5
1
2
3
2
5
1
1
1
4
5
5
5
5
5
1
1034  5
1
1
1
1
5
1
1
1
2
5
1
2
3
3
5
1
2
3
4
5
5
5
5
5
1
1035  5
1
1
1
1
5
1
1
2
2
5
1
2
3
3
5
1
2
3
3
5
5
5
5
5
1
1036  5
1
1
1
1
5
1
1
2
2
5
1
2
3
3
5
1
2
3
4
5
5
5
5
5
1
1037  5
1
1
1
1
5
1
1
2
2
5
1
2
3
3
5
1
2
4
4
5
5
5
5
5
1
1038  5
1
1
1
1
5
1
1
2
2
5
1
2
3
4
5
1
2
4
3
5
5
5
5
5
1
1039  5
1
1
1
1
5
1
2
1
1
5
1
1
3
1
5
1
1
1
4
5
5
5
5
5
1
1040  5
1
1
1
1
5
1
2
1
1
5
1
1
3
3
5
1
1
3
3
5
5
5
5
5
1
1041  5
1
1
1
1
5
1
2
1
1
5
1
1
3
3
5
1
1
3
4
5
5
5
5
5
1
1042  5
1
1
1
1
5
1
2
1
1
5
1
1
3
3
5
1
1
4
4
5
5
5
5
5
1
1043  5
1
1
1
1
5
1
2
1
1
5
1
1
3
4
5
1
1
4
3
5
5
5
5
5
1
1044  5
1
1
1
1
5
1
2
1
2
5
1
1
3
3
5
1
2
3
4
5
5
5
5
5
1
1045  5
1
1
1
1
5
1
2
2
2
5
1
2
2
2
5
1
2
2
2
5
5
5
5
5
1
1046  5
1
1
1
1
5
1
2
2
2
5
1
2
2
2
5
1
2
2
3
5
5
5
5
5
1
1047  5
1
1
1
1
5
1
2
2
2
5
1
2
2
2
5
1
2
2
4
5
5
5
5
5
1
1048  5
1
1
1
1
5
1
2
2
2
5
1
2
2
2
5
1
2
3
4
5
5
5
5
5
1
1049  5
1
1
1
1
5
1
2
2
2
5
1
2
2
2
5
1
4
4
4
5
5
5
5
5
1
1050  5
1
1
1
1
5
1
2
2
2
5
1
2
2
3
5
1
2
3
4
5
5
5
5
5
1
1051  5
1
1
1
1
5
1
2
2
2
5
1
2
3
2
5
1
2
2
4
5
5
5
5
5
1
1052  5
1
1
1
1
5
1
2
2
2
5
1
2
3
2
5
1
4
4
4
5
5
5
5
5
1
1053  5
1
1
1
1
5
1
2
2
2
5
1
2
3
3
5
1
2
3
3
5
5
5
5
5
1
1054  5
1
1
1
1
5
1
2
2
2
5
1
2
3
3
5
1
2
3
4
5
5
5
5
5
1
1055  5
1
1
1
1
5
1
2
2
2
5
1
2
3
3
5
1
2
4
4
5
5
5
5
5
1
1056  5
1
1
1
1
5
1
2
2
2
5
1
2
3
4
5
1
2
4
3
5
5
5
5
5
1
1057  5
1
1
1
1
5
1
2
2
2
5
1
2
3
4
5
1
4
4
4
5
5
5
5
5
1
1058  5
1
1
1
1
5
1
2
2
2
5
1
3
3
3
5
1
4
4
4
5
5
5
5
5
1
1059  5
1
1
1
1
5
1
2
2
4
5
1
2
2
4
5
1
4
4
2
5
5
5
5
5
1
1060  5
1
1
1
1
5
1
2
2
4
5
1
2
3
4
5
1
4
4
2
5
5
5
5
5
1
1061  5
1
1
1
1
5
1
2
3
3
5
1
3
2
2
5
1
3
2
2
5
5
5
5
5
1
1062  5
1
1
1
1
5
1
2
3
4
5
1
3
4
2
5
1
4
2
3
5
5
5
5
5
1
1063  5
1
1
1
4
4
1
1
1
4
4
1
1
1
4
4
4
4
4
1
1
4
4
4
1
1
1064  5
1
1
1
4
4
1
1
1
4
4
1
1
1
4
4
4
4
4
1
1
4
4
4
1
2
1065  5
1
1
1
4
4
1
1
1
4
4
1
1
2
4
4
4
4
4
1
1
4
4
4
1
1
1066  5
1
1
1
4
4
1
1
1
4
4
1
1
2
4
4
4
4
4
1
1
4
4
4
1
2
1067  5
1
1
1
4
4
1
1
1
4
4
1
1
3
4
4
4
4
4
1
1
4
4
4
1
1
1068  5
1
1
1
4
4
1
1
1
4
4
1
1
3
4
4
4
4
4
1
1
4
4
4
1
2
1069  5
1
1
1
4
4
1
1
1
4
4
1
1
3
4
4
4
4
4
1
1
4
4
5
1
1
1070  5
1
1
1
4
4
1
1
1
4
4
1
1
3
4
5
4
4
4
1
1
4
4
5
1
1
1071  5
1
1
1
4
4
1
1
1
4
4
1
1
3
4
5
4
4
4
1
1
4
4
5
1
3
1072  5
1
1
1
4
4
1
1
1
4
4
1
2
3
4
4
4
4
4
1
1
4
4
4
1
1
1073  5
1
1
1
4
4
1
1
1
4
4
1
2
3
4
4
4
4
4
1
1
4
4
5
1
1
1074  5
1
1
1
4
4
1
1
1
4
4
1
2
3
4
5
4
4
4
1
1
4
4
4
1
1
1075  5
1
1
1
4
4
1
1
1
4
4
1
2
3
4
5
4
4
4
1
1
4
4
5
1
1
1076  5
1
1
1
4
4
1
1
1
4
4
3
3
3
5
5
1
1
1
4
4
3
3
3
5
5
1077  5
1
1
1
4
4
1
1
1
4
4
3
3
3
5
5
4
4
4
1
1
5
5
5
3
3
1078  5
1
1
1
4
4
1
1
2
4
4
1
2
3
4
4
4
4
4
1
1
4
4
4
1
1
1079  5
1
1
1
4
4
1
1
2
4
4
1
2
3
4
4
4
4
4
1
1
4
4
5
1
1
1080  5
1
1
1
4
4
1
1
2
4
4
1
2
3
4
5
4
4
4
1
1
4
4
5
1
1
1081  5
1
1
1
4
4
1
1
2
4
4
1
2
3
4
5
4
4
4
1
1
4
4
5
1
2
1082  5
1
1
1
4
4
1
2
1
4
4
1
1
3
4
4
4
4
4
1
1
4
4
4
1
1
1083  5
1
1
1
4
4
1
2
1
4
4
1
1
3
4
4
4
4
4
1
1
4
4
5
1
1
1084  5
1
1
1
4
4
1
2
1
4
4
1
1
3
4
5
4
4
4
1
1
4
4
5
1
1
1085  5
1
1
1
4
4
1
2
1
4
4
1
1
3
4
5
4
4
4
1
1
4
4
5
1
3
1086  5
1
1
1
4
4
1
2
1
4
4
1
1
3
4
5
4
4
4
1
1
4
5
4
1
1
1087  5
1
1
1
4
4
1
2
1
4
4
3
3
3
5
5
1
1
1
4
4
3
3
3
5
5
1088  5
1
1
1
4
4
1
2
1
4
4
3
3
3
5
5
1
4
1
4
4
3
5
3
5
5
1089  5
1
1
1
4
4
1
2
1
4
4
3
3
3
5
5
4
4
4
1
1
5
5
5
3
3
1090  5
1
1
1
4
4
1
2
2
4
4
1
2
2
4
4
4
4
4
1
1
4
4
4
1
1
1091  5
1
1
1
4
4
1
2
2
4
4
1
2
2
4
4
4
4
4
1
1
4
5
5
1
1
1092  5
1
1
1
4
4
1
2
2
4
4
1
2
3
4
4
4
4
4
1
1
4
4
4
1
1
1093  5
1
1
1
4
4
1
2
2
4
4
1
2
3
4
4
4
4
4
1
1
4
4
5
1
1
1094  5
1
1
1
4
4
1
2
2
4
4
1
2
3
4
4
4
4
4
1
1
4
5
5
1
1
1095  5
1
1
1
4
4
1
2
2
4
4
1
2
3
4
5
4
4
4
1
1
4
4
5
1
1
1096  5
1
1
1
4
4
1
2
2
4
4
1
2
3
4
5
4
4
4
1
1
4
5
5
1
1
1097  5
1
1
1
4
4
1
2
2
4
4
1
3
3
4
4
4
4
4
1
1
4
4
4
1
1
1098  5
1
1
1
4
4
1
2
2
4
4
1
3
3
4
4
4
4
4
1
1
4
5
5
1
1
1099  5
1
1
1
4
4
1
2
2
4
5
1
2
2
4
5
4
4
4
1
1
4
5
5
1
1
1100  5
1
1
1
4
4
1
2
2
4
5
1
2
2
4
5
4
4
4
1
1
4
5
5
1
2
1101  5
1
1
1
4
4
1
2
2
4
5
1
2
3
4
5
4
4
4
1
1
4
5
5
1
1
1102  5
1
1
1
4
4
1
2
2
4
5
1
2
3
4
5
4
4
4
1
1
4
5
5
1
2
1103  5
1
1
1
4
4
1
2
2
4
5
1
3
3
4
5
4
4
4
1
1
4
4
4
1
1
1104  5
1
1
1
4
4
1
2
2
4
5
1
3
3
4
5
4
4
4
1
1
4
5
5
1
1
1105  5
1
1
1
4
4
1
2
3
4
4
1
3
2
4
4
4
4
4
1
1
4
4
4
1
1
1106  5
1
1
1
4
4
1
2
3
4
4
1
3
2
4
4
4
4
4
1
1
4
5
5
1
1
1107  5
1
1
1
4
4
1
2
3
4
5
1
3
2
4
5
4
4
4
1
1
4
5
5
1
1
1108  5
1
1
1
4
4
1
2
3
4
5
3
3
3
5
5
1
4
1
4
4
3
5
3
5
5
1109  5
1
1
1
4
4
1
2
3
4
5
3
3
3
5
5
4
4
4
1
1
5
5
5
3
3
1110  5
1
1
1
4
5
1
1
1
4
5
1
1
1
4
5
4
4
4
5
1
5
5
5
1
4
1111  5
1
1
1
4
5
1
1
1
4
5
1
1
2
4
5
4
4
4
5
1
5
5
5
1
4
1112  5
1
1
1
4
5
1
1
1
4
5
1
1
3
4
5
4
4
4
5
1
5
5
5
1
4
1113  5
1
1
1
4
5
1
1
1
4
5
1
2
3
4
5
4
4
4
5
1
5
5
5
1
4
1114  5
1
1
1
4
5
1
1
2
4
5
1
2
3
4
5
4
4
4
5
1
5
5
5
1
4
1115  5
1
1
1
4
5
1
2
1
4
5
1
1
3
4
5
4
4
4
5
1
5
5
5
1
4
1116  5
1
1
1
4
5
1
2
2
4
5
1
2
2
4
5
4
4
4
5
1
5
5
5
1
4
1117  5
1
1
1
4
5
1
2
2
4
5
1
2
3
4
5
4
4
4
5
1
5
5
5
1
4
1118  5
1
1
1
4
5
1
2
2
4
5
1
3
3
4
5
4
4
4
5
1
5
5
5
1
4
1119  5
1
1
1
4
5
1
2
3
4
5
1
3
2
4
5
4
4
4
5
1
5
5
5
1
4
1120  5
1
1
3
3
3
1
1
3
3
3
3
3
1
1
1
3
3
1
1
1
3
3
1
1
1
1121  5
1
1
3
3
3
1
1
3
3
3
3
3
1
1
1
3
3
1
1
1
3
3
1
1
2
1122  5
1
1
3
3
3
1
1
3
3
3
3
3
1
1
1
3
3
1
1
1
3
3
1
2
1
1123  5
1
1
3
3
3
1
1
3
3
3
3
3
1
1
1
3
3
1
1
1
3
3
1
2
2
1124  5
1
1
3
3
3
1
1
3
3
3
3
3
1
1
1
3
3
1
1
1
3
4
1
1
1
1125  5
1
1
3
3
3
1
1
3
3
3
3
3
1
1
1
3
3
1
1
2
3
3
1
2
1
1126  5
1
1
3
3
3
1
1
3
3
3
3
3
1
1
1
3
3
1
1
2
3
3
1
2
2
1127  5
1
1
3
3
3
1
1
3
3
3
3
3
1
1
1
3
3
1
2
1
3
3
1
1
2
1128  5
1
1
3
3
3
1
1
3
3
3
3
3
1
1
1
3
3
1
2
1
3
3
1
2
2
1129  5
1
1
3
3
3
1
1
3
3
3
3
3
1
1
1
3
3
1
2
2
3
3
1
2
2
1130  5
1
1
3
3
3
1
1
3
3
4
3
3
1
1
1
3
3
1
1
1
3
4
1
1
1
1131  5
1
1
3
3
3
1
1
3
3
4
3
3
1
1
1
3
3
1
1
1
3
4
1
1
2
1132  5
1
1
3
3
3
1
2
3
3
3
3
3
1
1
1
3
3
1
1
1
3
3
1
1
1
1133  5
1
1
3
3
3
1
2
3
3
3
3
3
1
1
1
3
3
1
1
1
3
5
1
1
1
1134  5
1
1
3
3
3
1
2
3
3
3
3
3
1
1
1
3
4
1
1
1
3
4
1
1
1
1135  5
1
1
3
3
3
1
2
3
3
3
3
3
1
1
1
3
4
1
1
1
3
5
1
1
1
1136  5
1
1
3
3
3
1
2
3
3
5
3
3
1
1
1
3
3
1
1
1
3
5
1
1
1
1137  5
1
1
3
3
3
1
2
3
3
5
3
3
1
1
1
3
3
1
1
1
3
5
1
1
2
1138  5
1
1
3
3
3
1
2
3
3
5
3
3
1
1
1
3
4
1
1
1
3
3
1
1
1
1139  5
1
1
3
3
3
1
2
3
3
5
3
3
1
1
1
3
4
1
1
1
3
5
1
1
1
1140  5
1
1
3
3
3
1
2
3
4
4
3
3
1
1
1
3
4
1
1
1
3
4
1
1
1
1141  5
1
1
3
3
3
1
2
3
4
4
3
3
1
1
1
3
4
1
1
1
3
5
1
1
1
1142  5
1
1
3
3
3
1
2
3
4
4
3
3
1
1
1
3
4
1
2
2
3
4
1
2
2
1143  5
1
1
3
3
3
1
2
3
4
5
3
3
1
1
1
3
4
1
1
1
3
5
1
1
1
1144  5
1
1
3
3
3
2
2
4
4
4
3
3
1
1
1
4
4
2
2
2
3
3
1
1
1
1145  5
1
1
3
3
5
1
1
3
3
5
3
3
5
5
1
3
3
5
5
1
5
5
1
1
3
1146  5
1
1
3
3
5
1
2
3
3
5
3
3
5
5
1
3
3
5
5
1
5
5
1
1
3
1147  5
1
1
3
3
5
1
2
3
3
5
3
3
5
5
1
3
4
5
5
1
5
5
1
1
3
1148  5
1
1
3
3
5
1
2
3
4
5
3
3
5
5
1
3
4
5
5
1
5
5
1
1
3
1149  5
1
1
3
4
5
1
1
3
4
5
3
3
1
5
4
4
4
5
1
3
5
5
4
3
1
1150  5
1
1
3
4
5
1
1
3
4
5
3
3
1
5
4
4
4
5
3
1
5
5
4
1
3
1151  5
1
1
3
4
5
1
2
3
4
5
3
3
1
5
4
4
4
5
1
3
5
5
4
3
1
1152  5
1
1
3
4
5
1
2
3
4
5
3
3
1
5
4
4
4
5
3
1
5
5
4
1
3
1153  5
1
2
2
2
2
2
1
1
1
1
2
1
1
1
1
2
1
1
1
1
2
1
1
1
1
1154  5
1
2
2
2
5
2
5
5
5
1
2
5
5
5
1
2
5
5
5
1
5
1
1
1
2
1155  5
1
2
2
4
4
2
4
4
1
1
2
4
4
1
1
4
1
1
2
2
4
1
1
2
2
1156  5
1
2
2
4
4
2
4
4
1
1
2
4
4
1
1
4
1
1
2
2
4
1
1
2
3
1157  5
1
2
2
4
5
2
1
1
5
4
2
1
1
5
4
4
5
5
1
2
5
4
4
2
1
1158  5
1
2
2
4
5
2
1
1
5
4
2
1
1
5
4
4
5
5
2
1
5
4
4
1
2
1159  5
1
2
2
4
5
2
4
4
5
1
2
4
4
5
1
4
5
5
1
2
5
1
1
2
4
1160  5
1
2
3
4
5
2
3
4
5
1
3
4
5
1
2
4
5
1
2
3
5
1
2
3
4