1  4
1
1
1
1
1
1
1
1
1
1
1
1
1
1
1
1
2  4
1
1
1
1
1
1
1
1
1
1
1
1
1
1
1
2
3  4
1
1
1
1
1
1
1
1
1
1
1
1
1
1
1
4
4  4
1
1
1
1
1
1
1
1
1
1
1
1
1
1
2
1
5  4
1
1
1
1
1
1
1
1
1
1
1
1
1
1
2
2
6  4
1
1
1
1
1
1
1
1
1
1
1
1
1
1
3
4
7  4
1
1
1
1
1
1
1
1
1
1
1
1
1
2
2
4
8  4
1
1
1
1
1
1
1
1
1
1
1
1
1
2
3
4
9  4
1
1
1
1
1
1
1
1
1
1
1
1
4
4
4
4
10  4
1
1
1
1
1
1
1
1
1
1
1
2
1
1
2
1
11  4
1
1
1
1
1
1
1
1
1
1
1
2
1
1
2
2
12  4
1
1
1
1
1
1
1
1
1
1
1
2
1
1
2
3
13  4
1
1
1
1
1
1
1
1
1
1
1
3
1
1
3
4
14  4
1
1
1
1
1
1
1
1
1
1
1
3
1
2
1
4
15  4
1
1
1
1
1
1
1
1
1
1
1
3
1
2
3
4
16  4
1
1
1
1
1
1
1
1
1
1
2
1
1
1
1
2
17  4
1
1
1
1
1
1
1
1
1
1
2
1
1
1
1
4
18  4
1
1
1
1
1
1
1
1
1
1
2
1
1
1
2
2
19  4
1
1
1
1
1
1
1
1
1
1
2
1
4
4
4
4
20  4
1
1
1
1
1
1
1
1
1
1
2
2
1
1
2
2
21  4
1
1
1
1
1
1
1
1
1
1
3
1
1
1
1
4
22  4
1
1
1
1
1
1
1
1
1
1
3
1
1
2
1
4
23  4
1
1
1
1
1
1
1
1
1
1
3
1
4
4
4
4
24  4
1
1
1
1
1
1
1
1
1
1
3
3
1
1
3
3
25  4
1
1
1
1
1
1
1
1
1
1
3
3
1
1
3
4
26  4
1
1
1
1
1
1
1
1
1
1
3
3
1
1
4
4
27  4
1
1
1
1
1
1
1
1
1
1
3
3
1
2
3
4
28  4
1
1
1
1
1
1
1
1
1
1
3
4
1
1
4
3
29  4
1
1
1
1
1
1
1
1
1
1
3
4
4
4
4
4
30  4
1
1
1
1
1
1
1
1
1
2
3
1
4
4
4
4
31  4
1
1
1
1
1
1
1
1
1
2
3
3
1
2
3
3
32  4
1
1
1
1
1
1
1
1
1
2
3
3
1
2
3
4
33  4
1
1
1
1
1
1
1
1
1
2
3
3
1
2
4
4
34  4
1
1
1
1
1
1
1
1
1
2
3
4
1
2
3
4
35  4
1
1
1
1
1
1
1
1
1
2
3
4
1
2
4
3
36  4
1
1
1
1
1
1
1
1
1
2
3
4
4
4
4
4
37  4
1
1
1
1
1
1
1
1
3
3
3
3
3
3
3
3
38  4
1
1
1
1
1
1
1
1
3
3
3
3
3
3
3
4
39  4
1
1
1
1
1
1
1
1
3
3
3
3
4
4
4
4
40  4
1
1
1
1
1
1
1
2
1
1
1
2
1
2
2
4
41  4
1
1
1
1
1
1
1
2
1
1
1
2
1
2
3
4
42  4
1
1
1
1
1
1
1
2
1
1
1
3
1
2
3
4
43  4
1
1
1
1
1
1
1
2
1
1
2
3
1
2
3
4
44  4
1
1
1
1
1
1
1
2
1
1
3
1
1
2
1
4
45  4
1
1
1
1
1
1
1
2
1
1
3
3
1
2
3
4
46  4
1
1
1
1
1
1
1
2
1
2
3
1
1
1
1
4
47  4
1
1
1
1
1
1
1
2
1
2
3
2
1
1
1
4
48  4
1
1
1
1
1
1
1
2
1
2
3
3
1
2
3
4
49  4
1
1
1
1
1
1
1
2
3
3
3
3
1
1
1
4
50  4
1
1
1
1
1
1
1
2
3
3
3
3
1
1
3
4
51  4
1
1
1
1
1
1
1
2
3
3
3
3
1
2
1
4
52  4
1
1
1
1
1
1
1
2
3
3
3
3
1
2
3
4
53  4
1
1
1
1
1
1
1
2
3
3
3
3
3
3
3
4
54  4
1
1
1
1
1
1
1
3
3
3
3
3
4
4
4
4
55  4
1
1
1
1
1
1
2
2
1
2
3
3
1
2
3
3
56  4
1
1
1
1
1
1
2
2
1
2
3
3
1
2
3
4
57  4
1
1
1
1
1
1
2
2
1
2
3
3
1
2
4
4
58  4
1
1
1
1
1
1
2
2
1
2
3
4
1
2
4
3
59  4
1
1
1
1
1
2
1
1
1
1
3
1
1
1
1
4
60  4
1
1
1
1
1
2
1
1
1
1
3
1
4
4
4
4
61  4
1
1
1
1
1
2
1
1
1
1
3
3
1
1
3
3
62  4
1
1
1
1
1
2
1
1
1
1
3
3
1
1
3
4
63  4
1
1
1
1
1
2
1
1
1
1
3
3
1
1
4
4
64  4
1
1
1
1
1
2
1
1
1
1
3
4
1
1
4
3
65  4
1
1
1
1
1
2
1
1
1
1
3
4
4
4
4
4
66  4
1
1
1
1
1
2
1
1
3
3
3
3
3
3
3
4
67  4
1
1
1
1
1
2
1
1
3
3
3
3
4
4
4
4
68  4
1
1
1
1
1
2
1
2
1
1
3
3
1
2
3
4
69  4
1
1
1
1
1
2
1
2
3
3
3
3
1
2
1
2
70  4
1
1
1
1
1
2
1
2
3
3
3
3
1
2
1
4
71  4
1
1
1
1
1
2
1
2
3
3
3
3
1
2
3
4
72  4
1
1
1
1
1
2
1
2
3
3
3
3
1
4
1
4
73  4
1
1
1
1
1
2
1
2
3
3
3
3
3
4
3
4
74  4
1
1
1
1
1
2
1
4
3
3
3
3
1
2
1
4
75  4
1
1
1
1
1
2
1
4
3
3
3
3
1
4
1
2
76  4
1
1
1
1
1
2
1
4
3
3
3
3
4
4
4
4
77  4
1
1
1
1
1
2
2
2
1
2
2
2
1
2
2
2
78  4
1
1
1
1
1
2
2
2
1
2
2
2
1
2
2
3
79  4
1
1
1
1
1
2
2
2
1
2
2
2
1
2
2
4
80  4
1
1
1
1
1
2
2
2
1
2
2
2
1
2
3
4
81  4
1
1
1
1
1
2
2
2
1
2
2
2
1
4
4
4
82  4
1
1
1
1
1
2
2
2
1
2
2
3
1
2
3
4
83  4
1
1
1
1
1
2
2
2
1
2
3
2
1
2
2
4
84  4
1
1
1
1
1
2
2
2
1
2
3
2
1
4
4
4
85  4
1
1
1
1
1
2
2
2
1
2
3
3
1
2
3
3
86  4
1
1
1
1
1
2
2
2
1
2
3
3
1
2
3
4
87  4
1
1
1
1
1
2
2
2
1
2
3
3
1
2
4
4
88  4
1
1
1
1
1
2
2
2
1
2
3
4
1
2
4
3
89  4
1
1
1
1
1
2
2
2
1
2
3
4
1
4
4
4
90  4
1
1
1
1
1
2
2
2
1
3
3
3
1
4
4
4
91  4
1
1
1
1
1
2
2
4
1
2
2
4
1
4
4
2
92  4
1
1
1
1
1
2
2
4
1
2
2
4
4
4
4
4
93  4
1
1
1
1
1
2
2
4
1
2
3
4
1
4
4
2
94  4
1
1
1
1
1
2
2
4
1
2
3
4
4
4
4
4
95  4
1
1
1
1
1
2
2
4
1
3
3
4
4
4
4
4
96  4
1
1
1
1
1
2
3
3
1
3
2
2
1
3
2
2
97  4
1
1
1
1
1
2
3
4
1
2
3
4
4
4
4
4
98  4
1
1
1
1
1
2
3
4
1
3
2
4
4
4
4
4
99  4
1
1
1
1
1
2
3
4
1
3
4
2
1
4
2
3
100  4
1
1
1
1
1
2
3
4
3
3
3
3
3
4
1
2
101  4
1
1
1
1
1
2
3
4
3
3
3
3
4
4
4
4
102  4
1
1
1
1
2
2
2
2
3
3
3
3
4
4
4
4
103  4
1
1
1
4
1
1
1
4
1
1
1
4
4
4
4
1
104  4
1
1
1
4
1
1
1
4
1
1
2
4
4
4
4
1
105  4
1
1
1
4
1
1
1
4
1
1
3
4
4
4
4
1
106  4
1
1
1
4
1
1
1
4
1
2
3
4
4
4
4
1
107  4
1
1
1
4
1
1
2
4
1
2
3
4
4
4
4
1
108  4
1
1
1
4
1
2
1
4
1
1
3
4
4
4
4
1
109  4
1
1
1
4
1
2
2
4
1
2
2
4
4
4
4
1
110  4
1
1
1
4
1
2
2
4
1
2
3
4
4
4
4
1
111  4
1
1
1
4
1
2
2
4
1
3
3
4
4
4
4
1
112  4
1
1
1
4
1
2
3
4
1
3
2
4
4
4
4
1
113  4
1
1
3
3
1
1
3
3
3
3
1
1
3
3
1
1
114  4
1
1
3
3
1
1
3
3
3
3
1
1
3
3
1
2
115  4
1
1
3
3
1
2
3
3
3
3
1
1
3
3
1
1
116  4
1
1
3
3
1
2
3
3
3
3
1
1
3
4
1
1
117  4
1
1
3
3
1
2
3
4
3
3
1
1
3
4
1
1
118  4
1
1
3
3
1
2
3
4
3
3
1
1
3
4
1
2
119  4
1
1
3
3
2
2
4
4
1
1
3
3
2
2
4
4
120  4
1
1
3
3
2
2
4
4
3
3
1
1
4
4
2
2
121  4
1
1
3
4
1
1
3
4
3
3
4
1
4
4
1
3
122  4
1
1
3
4
1
2
3
4
3
3
4
1
4
4
1
3
123  4
1
2
2
2
2
1
1
1
2
1
1
1
2
1
1
1
124  4
1
2
2
4
2
4
4
1
2
4
4
1
4
1
1
2
125  4
1
2
3
4
2
1
4
3
3
4
1
2
4
3
2
1
126  4
1
2
3
4
2
1
4
3
3
4
2
1
4
3
1
2